RUN
READING BOMBE SETUP DATA...

TOP DRUM: III
MIDDLE DRUM: II
BOTTOM DRUM: IV
REFLECTOR: B
SCRAMBLERS: 
ZZS ZZZ ZAX ZAS ZAY ZZW ZAV      
SCRAMBLER OUTPUT LETTERS: N U N E U E N      
NUMBER OF MENU LETTERS:  3 
MENU LETTERS: E N U  
INPUT MENU LETTER: E
INPUT STECKER LETTER: A
CONNECTIONS:
E: 5  7 
N: 2  4 
U: 3  1  6 
INDICATOR START: DVQ
OFFSETTING SCRAMBLERS:
VDB VDI VEG VEB VEH VDF VEE      


INDICATOR: CVQ
SCRAMBLERS: 
WDB WDI WEG WEB WEH WDF WEE      
CHECKING LETTER: E

  A  B  C  D  E  F  G  H  I  J  K  L  M  N  O  P  Q  R  S  T  U  V  W  X  Y  Z
A 0  0  0  0 -1  0  0  0  0  0  0  0  0  0  0  0  0  0  0  0  0  0  0  0  0  0 
B 0  0  0  0  0  0  0  0  0  0  0  0  0  0  0  0  0  0  0  0  0  0  0  0  0  0 
C 0  0  0  0  0  0  0  0  0  0  0  0  0  0  0  0  0  0  0  0  0  0  0  0  0  0 
D 0  0  0  0  0  0  0  0  0  0  0  0  0  0  0  0  0  0  0  0  0  0  0  0  0  0 
?-1  0  0  0  0  0  0  0  0  0  0  0  0  0  0  0  0  0  0  0  0  0  0  0  0  0 
F 0  0  0  0  0  0  0  0  0  0  0  0  0  0  0  0  0  0  0  0  0  0  0  0  0  0 
G 0  0  0  0  0  0  0  0  0  0  0  0  0  0  0  0  0  0  0  0  0  0  0  0  0  0 
H 0  0  0  0  0  0  0  0  0  0  0  0  0  0  0  0  0  0  0  0  0  0  0  0  0  0 
I 0  0  0  0  0  0  0  0  0  0  0  0  0  0  0  0  0  0  0  0  0  0  0  0  0  0 
J 0  0  0  0  0  0  0  0  0  0  0  0  0  0  0  0  0  0  0  0  0  0  0  0  0  0 
K 0  0  0  0  0  0  0  0  0  0  0  0  0  0  0  0  0  0  0  0  0  0  0  0  0  0 
L 0  0  0  0  0  0  0  0  0  0  0  0  0  0  0  0  0  0  0  0  0  0  0  0  0  0 
M 0  0  0  0  0  0  0  0  0  0  0  0  0  0  0  0  0  0  0  0  0  0  0  0  0  0 
N 0  0  0  0  0  0  0  0  0  0  0  0  0  0  0  0  0  0  0  0  0  0  0  0  0  0 
O 0  0  0  0  0  0  0  0  0  0  0  0  0  0  0  0  0  0  0  0  0  0  0  0  0  0 
P 0  0  0  0  0  0  0  0  0  0  0  0  0  0  0  0  0  0  0  0  0  0  0  0  0  0 
Q 0  0  0  0  0  0  0  0  0  0  0  0  0  0  0  0  0  0  0  0  0  0  0  0  0  0 
R 0  0  0  0  0  0  0  0  0  0  0  0  0  0  0  0  0  0  0  0  0  0  0  0  0  0 
S 0  0  0  0  0  0  0  0  0  0  0  0  0  0  0  0  0  0  0  0  0  0  0  0  0  0 
T 0  0  0  0  0  0  0  0  0  0  0  0  0  0  0  0  0  0  0  0  0  0  0  0  0  0 
U 0  0  0  0  0  0  0  0  0  0  0  0  0  0  0  0  0  0  0  0  0  0  0  0  0  0 
V 0  0  0  0  0  0  0  0  0  0  0  0  0  0  0  0  0  0  0  0  0  0  0  0  0  0 
W 0  0  0  0  0  0  0  0  0  0  0  0  0  0  0  0  0  0  0  0  0  0  0  0  0  0 
X 0  0  0  0  0  0  0  0  0  0  0  0  0  0  0  0  0  0  0  0  0  0  0  0  0  0 
Y 0  0  0  0  0  0  0  0  0  0  0  0  0  0  0  0  0  0  0  0  0  0  0  0  0  0 
Z 0  0  0  0  0  0  0  0  0  0  0  0  0  0  0  0  0  0  0  0  0  0  0  0  0  0 

 5  WEH:A-S U
 7  WEE:A-C N

CHECKING LETTER: N

  A  B  C  D  E  F  G  H  I  J  K  L  M  N  O  P  Q  R  S  T  U  V  W  X  Y  Z
A 0  0  0  0 -1  0  0  0  0  0  0  0  0  0  0  0  0  0  0  0  0  0  0  0  0  0 
B 0  0  0  0  0  0  0  0  0  0  0  0  0  0  0  0  0  0  0  0  0  0  0  0  0  0 
C 0  0  0  0  0  0  0  0  0  0  0  0  0 -1  0  0  0  0  0  0  0  0  0  0  0  0 
D 0  0  0  0  0  0  0  0  0  0  0  0  0  0  0  0  0  0  0  0  0  0  0  0  0  0 
? 1  0  0  0  0  0  0  0  0  0  0  0  0  0  0  0  0  0  0  0  0  0  0  0  0  0 
F 0  0  0  0  0  0  0  0  0  0  0  0  0  0  0  0  0  0  0  0  0  0  0  0  0  0 
G 0  0  0  0  0  0  0  0  0  0  0  0  0  0  0  0  0  0  0  0  0  0  0  0  0  0 
H 0  0  0  0  0  0  0  0  0  0  0  0  0  0  0  0  0  0  0  0  0  0  0  0  0  0 
I 0  0  0  0  0  0  0  0  0  0  0  0  0  0  0  0  0  0  0  0  0  0  0  0  0  0 
J 0  0  0  0  0  0  0  0  0  0  0  0  0  0  0  0  0  0  0  0  0  0  0  0  0  0 
K 0  0  0  0  0  0  0  0  0  0  0  0  0  0  0  0  0  0  0  0  0  0  0  0  0  0 
L 0  0  0  0  0  0  0  0  0  0  0  0  0  0  0  0  0  0  0  0  0  0  0  0  0  0 
M 0  0  0  0  0  0  0  0  0  0  0  0  0  0  0  0  0  0  0  0  0  0  0  0  0  0 
N 0  0 -1  0  0  0  0  0  0  0  0  0  0  0  0  0  0  0  0  0  0  0  0  0  0  0 
O 0  0  0  0  0  0  0  0  0  0  0  0  0  0  0  0  0  0  0  0  0  0  0  0  0  0 
P 0  0  0  0  0  0  0  0  0  0  0  0  0  0  0  0  0  0  0  0  0  0  0  0  0  0 
Q 0  0  0  0  0  0  0  0  0  0  0  0  0  0  0  0  0  0  0  0  0  0  0  0  0  0 
R 0  0  0  0  0  0  0  0  0  0  0  0  0  0  0  0  0  0  0  0  0  0  0  0  0  0 
S 0  0  0  0  0  0  0  0  0  0  0  0  0  0  0  0  0  0  0  0 -1  0  0  0  0  0 
T 0  0  0  0  0  0  0  0  0  0  0  0  0  0  0  0  0  0  0  0  0  0  0  0  0  0 
U 0  0  0  0  0  0  0  0  0  0  0  0  0  0  0  0  0  0 -1  0  0  0  0  0  0  0 
V 0  0  0  0  0  0  0  0  0  0  0  0  0  0  0  0  0  0  0  0  0  0  0  0  0  0 
W 0  0  0  0  0  0  0  0  0  0  0  0  0  0  0  0  0  0  0  0  0  0  0  0  0  0 
X 0  0  0  0  0  0  0  0  0  0  0  0  0  0  0  0  0  0  0  0  0  0  0  0  0  0 
Y 0  0  0  0  0  0  0  0  0  0  0  0  0  0  0  0  0  0  0  0  0  0  0  0  0  0 
Z 0  0  0  0  0  0  0  0  0  0  0  0  0  0  0  0  0  0  0  0  0  0  0  0  0  0 

 2  WDI:C-T U

CHECKING LETTER: U

  A  B  C  D  E  F  G  H  I  J  K  L  M  N  O  P  Q  R  S  T  U  V  W  X  Y  Z
A 0  0  0  0 -1  0  0  0  0  0  0  0  0  0  0  0  0  0  0  0  0  0  0  0  0  0 
B 0  0  0  0  0  0  0  0  0  0  0  0  0  0  0  0  0  0  0  0  0  0  0  0  0  0 
C 0  0  0  0  0  0  0  0  0  0  0  0  0 -1  0  0  0  0  0  0  0  0  0  0  0  0 
D 0  0  0  0  0  0  0  0  0  0  0  0  0  0  0  0  0  0  0  0  0  0  0  0  0  0 
? 1  0  0  0  0  0  0  0  0  0  0  0  0  0  0  0  0  0  0  0  0  0  0  0  0  0 
F 0  0  0  0  0  0  0  0  0  0  0  0  0  0  0  0  0  0  0  0  0  0  0  0  0  0 
G 0  0  0  0  0  0  0  0  0  0  0  0  0  0  0  0  0  0  0  0  0  0  0  0  0  0 
H 0  0  0  0  0  0  0  0  0  0  0  0  0  0  0  0  0  0  0  0  0  0  0  0  0  0 
I 0  0  0  0  0  0  0  0  0  0  0  0  0  0  0  0  0  0  0  0  0  0  0  0  0  0 
J 0  0  0  0  0  0  0  0  0  0  0  0  0  0  0  0  0  0  0  0  0  0  0  0  0  0 
K 0  0  0  0  0  0  0  0  0  0  0  0  0  0  0  0  0  0  0  0  0  0  0  0  0  0 
L 0  0  0  0  0  0  0  0  0  0  0  0  0  0  0  0  0  0  0  0  0  0  0  0  0  0 
M 0  0  0  0  0  0  0  0  0  0  0  0  0  0  0  0  0  0  0  0  0  0  0  0  0  0 
N 0  0  1  0  0  0  0  0  0  0  0  0  0  0  0  0  0  0  0  0  0  0  0  0  0  0 
O 0  0  0  0  0  0  0  0  0  0  0  0  0  0  0  0  0  0  0  0  0  0  0  0  0  0 
P 0  0  0  0  0  0  0  0  0  0  0  0  0  0  0  0  0  0  0  0  0  0  0  0  0  0 
Q 0  0  0  0  0  0  0  0  0  0  0  0  0  0  0  0  0  0  0  0  0  0  0  0  0  0 
R 0  0  0  0  0  0  0  0  0  0  0  0  0  0  0  0  0  0  0  0  0  0  0  0  0  0 
S 0  0  0  0  0  0  0  0  0  0  0  0  0  0  0  0  0  0  0  0 -1  0  0  0  0  0 
T 0  0  0  0  0  0  0  0  0  0  0  0  0  0  0  0  0  0  0  0 -1  0  0  0  0  0 
U 0  0  0  0  0  0  0  0  0  0  0  0  0  0  0  0  0  0 -1 -1  0  0  0  0  0  0 
V 0  0  0  0  0  0  0  0  0  0  0  0  0  0  0  0  0  0  0  0  0  0  0  0  0  0 
W 0  0  0  0  0  0  0  0  0  0  0  0  0  0  0  0  0  0  0  0  0  0  0  0  0  0 
X 0  0  0  0  0  0  0  0  0  0  0  0  0  0  0  0  0  0  0  0  0  0  0  0  0  0 
Y 0  0  0  0  0  0  0  0  0  0  0  0  0  0  0  0  0  0  0  0  0  0  0  0  0  0 
Z 0  0  0  0  0  0  0  0  0  0  0  0  0  0  0  0  0  0  0  0  0  0  0  0  0  0 

 3  WEG:S-P N
 1  WDB:S-G N
 6  WDF:S-Y E
 3  WEG:T-K N
 1  WDB:T-R N
 6  WDF:T-V E

CHECKING LETTER: E

  A  B  C  D  E  F  G  H  I  J  K  L  M  N  O  P  Q  R  S  T  U  V  W  X  Y  Z
A 0  0  0  0 -1  0  0  0  0  0  0  0  0  0  0  0  0  0  0  0  0  0  0  0  0  0 
B 0  0  0  0  0  0  0  0  0  0  0  0  0  0  0  0  0  0  0  0  0  0  0  0  0  0 
C 0  0  0  0  0  0  0  0  0  0  0  0  0 -1  0  0  0  0  0  0  0  0  0  0  0  0 
D 0  0  0  0  0  0  0  0  0  0  0  0  0  0  0  0  0  0  0  0  0  0  0  0  0  0 
? 1  0  0  0  0  0  0  0  0  0  0  0  0  0  0  0  0  0  0  0  0 -1  0  0 -1  0 
F 0  0  0  0  0  0  0  0  0  0  0  0  0  0  0  0  0  0  0  0  0  0  0  0  0  0 
G 0  0  0  0  0  0  0  0  0  0  0  0  0 -1  0  0  0  0  0  0  0  0  0  0  0  0 
H 0  0  0  0  0  0  0  0  0  0  0  0  0  0  0  0  0  0  0  0  0  0  0  0  0  0 
I 0  0  0  0  0  0  0  0  0  0  0  0  0  0  0  0  0  0  0  0  0  0  0  0  0  0 
J 0  0  0  0  0  0  0  0  0  0  0  0  0  0  0  0  0  0  0  0  0  0  0  0  0  0 
K 0  0  0  0  0  0  0  0  0  0  0  0  0 -1  0  0  0  0  0  0  0  0  0  0  0  0 
L 0  0  0  0  0  0  0  0  0  0  0  0  0  0  0  0  0  0  0  0  0  0  0  0  0  0 
M 0  0  0  0  0  0  0  0  0  0  0  0  0  0  0  0  0  0  0  0  0  0  0  0  0  0 
N 0  0  1  0  0  0 -1  0  0  0 -1  0  0  0  0 -1  0 -1  0  0  0  0  0  0  0  0 
O 0  0  0  0  0  0  0  0  0  0  0  0  0  0  0  0  0  0  0  0  0  0  0  0  0  0 
P 0  0  0  0  0  0  0  0  0  0  0  0  0 -1  0  0  0  0  0  0  0  0  0  0  0  0 
Q 0  0  0  0  0  0  0  0  0  0  0  0  0  0  0  0  0  0  0  0  0  0  0  0  0  0 
R 0  0  0  0  0  0  0  0  0  0  0  0  0 -1  0  0  0  0  0  0  0  0  0  0  0  0 
S 0  0  0  0  0  0  0  0  0  0  0  0  0  0  0  0  0  0  0  0 -1  0  0  0  0  0 
T 0  0  0  0  0  0  0  0  0  0  0  0  0  0  0  0  0  0  0  0 -1  0  0  0  0  0 
U 0  0  0  0  0  0  0  0  0  0  0  0  0  0  0  0  0  0  1  1  0  0  0  0  0  0 
V 0  0  0  0 -1  0  0  0  0  0  0  0  0  0  0  0  0  0  0  0  0  0  0  0  0  0 
W 0  0  0  0  0  0  0  0  0  0  0  0  0  0  0  0  0  0  0  0  0  0  0  0  0  0 
X 0  0  0  0  0  0  0  0  0  0  0  0  0  0  0  0  0  0  0  0  0  0  0  0  0  0 
Y 0  0  0  0 -1  0  0  0  0  0  0  0  0  0  0  0  0  0  0  0  0  0  0  0  0  0 
Z 0  0  0  0  0  0  0  0  0  0  0  0  0  0  0  0  0  0  0  0  0  0  0  0  0  0 

 5  WEH:V-C U
 7  WEE:V-L N
 5  WEH:Y-X U
 7  WEE:Y-U N

CHECKING LETTER: N

  A  B  C  D  E  F  G  H  I  J  K  L  M  N  O  P  Q  R  S  T  U  V  W  X  Y  Z
A 0  0  0  0 -1  0  0  0  0  0  0  0  0  0  0  0  0  0  0  0  0  0  0  0  0  0 
B 0  0  0  0  0  0  0  0  0  0  0  0  0  0  0  0  0  0  0  0  0  0  0  0  0  0 
C 0  0  0  0  0  0  0  0  0  0  0  0  0 -1  0  0  0  0  0  0 -1  0  0  0  0  0 
D 0  0  0  0  0  0  0  0  0  0  0  0  0  0  0  0  0  0  0  0  0  0  0  0  0  0 
? 1  0  0  0  0  0  0  0  0  0  0  0  0  0  0  0  0  0  0  0  0  1  0  0  1  0 
F 0  0  0  0  0  0  0  0  0  0  0  0  0  0  0  0  0  0  0  0  0  0  0  0  0  0 
G 0  0  0  0  0  0  0  0  0  0  0  0  0 -1  0  0  0  0  0  0  0  0  0  0  0  0 
H 0  0  0  0  0  0  0  0  0  0  0  0  0  0  0  0  0  0  0  0  0  0  0  0  0  0 
I 0  0  0  0  0  0  0  0  0  0  0  0  0  0  0  0  0  0  0  0  0  0  0  0  0  0 
J 0  0  0  0  0  0  0  0  0  0  0  0  0  0  0  0  0  0  0  0  0  0  0  0  0  0 
K 0  0  0  0  0  0  0  0  0  0  0  0  0 -1  0  0  0  0  0  0  0  0  0  0  0  0 
L 0  0  0  0  0  0  0  0  0  0  0  0  0 -1  0  0  0  0  0  0  0  0  0  0  0  0 
M 0  0  0  0  0  0  0  0  0  0  0  0  0  0  0  0  0  0  0  0  0  0  0  0  0  0 
N 0  0  1  0  0  0 -1  0  0  0 -1 -1  0  0  0 -1  0 -1  0  0 -1  0  0  0  0  0 
O 0  0  0  0  0  0  0  0  0  0  0  0  0  0  0  0  0  0  0  0  0  0  0  0  0  0 
P 0  0  0  0  0  0  0  0  0  0  0  0  0 -1  0  0  0  0  0  0  0  0  0  0  0  0 
Q 0  0  0  0  0  0  0  0  0  0  0  0  0  0  0  0  0  0  0  0  0  0  0  0  0  0 
R 0  0  0  0  0  0  0  0  0  0  0  0  0 -1  0  0  0  0  0  0  0  0  0  0  0  0 
S 0  0  0  0  0  0  0  0  0  0  0  0  0  0  0  0  0  0  0  0 -1  0  0  0  0  0 
T 0  0  0  0  0  0  0  0  0  0  0  0  0  0  0  0  0  0  0  0 -1  0  0  0  0  0 
U 0  0 -1  0  0  0  0  0  0  0  0  0  0 -1  0  0  0  0  1  1  0  0  0 -1  0  0 
V 0  0  0  0 -1  0  0  0  0  0  0  0  0  0  0  0  0  0  0  0  0  0  0  0  0  0 
W 0  0  0  0  0  0  0  0  0  0  0  0  0  0  0  0  0  0  0  0  0  0  0  0  0  0 
X 0  0  0  0  0  0  0  0  0  0  0  0  0  0  0  0  0  0  0  0 -1  0  0  0  0  0 
Y 0  0  0  0 -1  0  0  0  0  0  0  0  0  0  0  0  0  0  0  0  0  0  0  0  0  0 
Z 0  0  0  0  0  0  0  0  0  0  0  0  0  0  0  0  0  0  0  0  0  0  0  0  0  0 

 4  WEB:G-Z E
 2  WDI:K-B U
 4  WEB:K-B E
 2  WDI:L-H U
 4  WEB:P-R E
 2  WDI:R-U U
 4  WEB:R-P E
 2  WDI:U-R U
 4  WEB:U-I E

CHECKING LETTER: U

  A  B  C  D  E  F  G  H  I  J  K  L  M  N  O  P  Q  R  S  T  U  V  W  X  Y  Z
A 0  0  0  0 -1  0  0  0  0  0  0  0  0  0  0  0  0  0  0  0  0  0  0  0  0  0 
B 0  0  0  0 -1  0  0  0  0  0  0  0  0  0  0  0  0  0  0  0 -1  0  0  0  0  0 
C 0  0  0  0  0  0  0  0  0  0  0  0  0 -1  0  0  0  0  0  0 -1  0  0  0  0  0 
D 0  0  0  0  0  0  0  0  0  0  0  0  0  0  0  0  0  0  0  0  0  0  0  0  0  0 
? 1 -1  0  0  0  0  0  0 -1  0  0  0  0  0  0 -1  0 -1  0  0  0  1  0  0  1 -1 
F 0  0  0  0  0  0  0  0  0  0  0  0  0  0  0  0  0  0  0  0  0  0  0  0  0  0 
G 0  0  0  0  0  0  0  0  0  0  0  0  0 -1  0  0  0  0  0  0  0  0  0  0  0  0 
H 0  0  0  0  0  0  0  0  0  0  0  0  0  0  0  0  0  0  0  0 -1  0  0  0  0  0 
I 0  0  0  0 -1  0  0  0  0  0  0  0  0  0  0  0  0  0  0  0  0  0  0  0  0  0 
J 0  0  0  0  0  0  0  0  0  0  0  0  0  0  0  0  0  0  0  0  0  0  0  0  0  0 
K 0  0  0  0  0  0  0  0  0  0  0  0  0 -1  0  0  0  0  0  0  0  0  0  0  0  0 
L 0  0  0  0  0  0  0  0  0  0  0  0  0 -1  0  0  0  0  0  0  0  0  0  0  0  0 
M 0  0  0  0  0  0  0  0  0  0  0  0  0  0  0  0  0  0  0  0  0  0  0  0  0  0 
N 0  0  1  0  0  0  1  0  0  0  1  1  0  0  0  1  0  1  0  0  1  0  0  0  0  0 
O 0  0  0  0  0  0  0  0  0  0  0  0  0  0  0  0  0  0  0  0  0  0  0  0  0  0 
P 0  0  0  0 -1  0  0  0  0  0  0  0  0 -1  0  0  0  0  0  0  0  0  0  0  0  0 
Q 0  0  0  0  0  0  0  0  0  0  0  0  0  0  0  0  0  0  0  0  0  0  0  0  0  0 
R 0  0  0  0 -1  0  0  0  0  0  0  0  0 -1  0  0  0  0  0  0 -1  0  0  0  0  0 
S 0  0  0  0  0  0  0  0  0  0  0  0  0  0  0  0  0  0  0  0 -1  0  0  0  0  0 
T 0  0  0  0  0  0  0  0  0  0  0  0  0  0  0  0  0  0  0  0 -1  0  0  0  0  0 
U 0 -1 -1  0  0  0  0 -1  0  0  0  0  0 -1  0  0  0 -1  1  1 -1  0  0 -1  0  0 
V 0  0  0  0 -1  0  0  0  0  0  0  0  0  0  0  0  0  0  0  0  0  0  0  0  0  0 
W 0  0  0  0  0  0  0  0  0  0  0  0  0  0  0  0  0  0  0  0  0  0  0  0  0  0 
X 0  0  0  0  0  0  0  0  0  0  0  0  0  0  0  0  0  0  0  0 -1  0  0  0  0  0 
Y 0  0  0  0 -1  0  0  0  0  0  0  0  0  0  0  0  0  0  0  0  0  0  0  0  0  0 
Z 0  0  0  0 -1  0  0  0  0  0  0  0  0  0  0  0  0  0  0  0  0  0  0  0  0  0 

 3  WEG:B-E N
 6  WDF:B-X E
 3  WEG:C-W N
 1  WDB:C-B N
 3  WEG:H-O N
 1  WDB:H-F N
 6  WDF:H-O E
 3  WEG:N-I N
 1  WDB:N-Z N
 6  WDF:N-F E
 3  WEG:R-A N
 1  WDB:R-T N
 6  WDF:R-D E
 1  WDB:U-Y N
 6  WDF:U-E E
 3  WEG:X-M N

CHECKING LETTER: E

  A  B  C  D  E  F  G  H  I  J  K  L  M  N  O  P  Q  R  S  T  U  V  W  X  Y  Z
A 0  0  0  0 -1  0  0  0  0  0  0  0  0 -1  0  0  0  0  0  0  0  0  0  0  0  0 
B 0  0  0  0 -1  0  0  0  0  0  0  0  0 -1  0  0  0  0  0  0 -1  0  0  0  0  0 
C 0  0  0  0  0  0  0  0  0  0  0  0  0 -1  0  0  0  0  0  0 -1  0  0  0  0  0 
D 0  0  0  0 -1  0  0  0  0  0  0  0  0  0  0  0  0  0  0  0  0  0  0  0  0  0 
? 1 -1  0 -1 -1 -1  0  0 -1  0  0  0  0 -1 -1 -1  0 -1  0  0  0  1  0 -1  1 -1 
F 0  0  0  0 -1  0  0  0  0  0  0  0  0 -1  0  0  0  0  0  0  0  0  0  0  0  0 
G 0  0  0  0  0  0  0  0  0  0  0  0  0 -1  0  0  0  0  0  0  0  0  0  0  0  0 
H 0  0  0  0  0  0  0  0  0  0  0  0  0  0  0  0  0  0  0  0 -1  0  0  0  0  0 
I 0  0  0  0 -1  0  0  0  0  0  0  0  0 -1  0  0  0  0  0  0  0  0  0  0  0  0 
J 0  0  0  0  0  0  0  0  0  0  0  0  0  0  0  0  0  0  0  0  0  0  0  0  0  0 
K 0  0  0  0  0  0  0  0  0  0  0  0  0 -1  0  0  0  0  0  0  0  0  0  0  0  0 
L 0  0  0  0  0  0  0  0  0  0  0  0  0 -1  0  0  0  0  0  0  0  0  0  0  0  0 
M 0  0  0  0  0  0  0  0  0  0  0  0  0 -1  0  0  0  0  0  0  0  0  0  0  0  0 
N-1 -1  1  0 -1 -1  1  0 -1  0  1  1 -1  0 -1  1  0  1  0 -1  1  0 -1  0 -1 -1 
O 0  0  0  0 -1  0  0  0  0  0  0  0  0 -1  0  0  0  0  0  0  0  0  0  0  0  0 
P 0  0  0  0 -1  0  0  0  0  0  0  0  0 -1  0  0  0  0  0  0  0  0  0  0  0  0 
Q 0  0  0  0  0  0  0  0  0  0  0  0  0  0  0  0  0  0  0  0  0  0  0  0  0  0 
R 0  0  0  0 -1  0  0  0  0  0  0  0  0 -1  0  0  0  0  0  0 -1  0  0  0  0  0 
S 0  0  0  0  0  0  0  0  0  0  0  0  0  0  0  0  0  0  0  0 -1  0  0  0  0  0 
T 0  0  0  0  0  0  0  0  0  0  0  0  0 -1  0  0  0  0  0  0 -1  0  0  0  0  0 
U 0  1  1  0  0  0  0  1  0  0  0  0  0  1  0  0  0  1  1  1  1  0  0  1  0  0 
V 0  0  0  0 -1  0  0  0  0  0  0  0  0  0  0  0  0  0  0  0  0  0  0  0  0  0 
W 0  0  0  0  0  0  0  0  0  0  0  0  0 -1  0  0  0  0  0  0  0  0  0  0  0  0 
X 0  0  0  0 -1  0  0  0  0  0  0  0  0  0  0  0  0  0  0  0 -1  0  0  0  0  0 
Y 0  0  0  0 -1  0  0  0  0  0  0  0  0 -1  0  0  0  0  0  0  0  0  0  0  0  0 
Z 0  0  0  0 -1  0  0  0  0  0  0  0  0 -1  0  0  0  0  0  0  0  0  0  0  0  0 

 5  WEH:B-F U
 5  WEH:D-Z U
 5  WEH:E-Q U
 7  WEE:F-D N
 5  WEH:N-O U
 7  WEE:N-X N
 5  WEH:R-G U
 7  WEE:R-Q N
 5  WEH:X-Y U
 7  WEE:X-N N
 5  WEH:Z-D U

CHECKING LETTER: N

  A  B  C  D  E  F  G  H  I  J  K  L  M  N  O  P  Q  R  S  T  U  V  W  X  Y  Z
A 0  0  0  0 -1  0  0  0  0  0  0  0  0 -1  0  0  0  0  0  0  0  0  0  0  0  0 
B 0  0  0  0 -1  0  0  0  0  0  0  0  0 -1  0  0  0  0  0  0 -1  0  0  0  0  0 
C 0  0  0  0  0  0  0  0  0  0  0  0  0 -1  0  0  0  0  0  0 -1  0  0  0  0  0 
D 0  0  0  0 -1  0  0  0  0  0  0  0  0 -1  0  0  0  0  0  0 -1  0  0  0  0  0 
? 1  1  0  1  1  1  0  0  1  0  0  0  0  1  1  1  0  1  0  0  0  1  0  1  1  1 
F 0  0  0  0 -1  0  0  0  0  0  0  0  0 -1  0  0  0  0  0  0 -1  0  0  0  0  0 
G 0  0  0  0  0  0  0  0  0  0  0  0  0 -1  0  0  0  0  0  0 -1  0  0  0  0  0 
H 0  0  0  0  0  0  0  0  0  0  0  0  0  0  0  0  0  0  0  0 -1  0  0  0  0  0 
I 0  0  0  0 -1  0  0  0  0  0  0  0  0 -1  0  0  0  0  0  0  0  0  0  0  0  0 
J 0  0  0  0  0  0  0  0  0  0  0  0  0  0  0  0  0  0  0  0  0  0  0  0  0  0 
K 0  0  0  0  0  0  0  0  0  0  0  0  0 -1  0  0  0  0  0  0  0  0  0  0  0  0 
L 0  0  0  0  0  0  0  0  0  0  0  0  0 -1  0  0  0  0  0  0  0  0  0  0  0  0 
M 0  0  0  0  0  0  0  0  0  0  0  0  0 -1  0  0  0  0  0  0  0  0  0  0  0  0 
N-1 -1  1 -1 -1 -1  1  0 -1  0  1  1 -1 -1 -1  1 -1  1  0 -1  1  0 -1 -1 -1 -1 
O 0  0  0  0 -1  0  0  0  0  0  0  0  0 -1  0  0  0  0  0  0 -1  0  0  0  0  0 
P 0  0  0  0 -1  0  0  0  0  0  0  0  0 -1  0  0  0  0  0  0  0  0  0  0  0  0 
Q 0  0  0  0  0  0  0  0  0  0  0  0  0 -1  0  0  0  0  0  0 -1  0  0  0  0  0 
R 0  0  0  0 -1  0  0  0  0  0  0  0  0 -1  0  0  0  0  0  0 -1  0  0  0  0  0 
S 0  0  0  0  0  0  0  0  0  0  0  0  0  0  0  0  0  0  0  0 -1  0  0  0  0  0 
T 0  0  0  0  0  0  0  0  0  0  0  0  0 -1  0  0  0  0  0  0 -1  0  0  0  0  0 
U 0  1  1 -1  0 -1 -1  1  0  0  0  0  0  1 -1  0 -1  1  1  1  1  0  0  1 -1 -1 
V 0  0  0  0 -1  0  0  0  0  0  0  0  0  0  0  0  0  0  0  0  0  0  0  0  0  0 
W 0  0  0  0  0  0  0  0  0  0  0  0  0 -1  0  0  0  0  0  0  0  0  0  0  0  0 
X 0  0  0  0 -1  0  0  0  0  0  0  0  0 -1  0  0  0  0  0  0 -1  0  0  0  0  0 
Y 0  0  0  0 -1  0  0  0  0  0  0  0  0 -1  0  0  0  0  0  0 -1  0  0  0  0  0 
Z 0  0  0  0 -1  0  0  0  0  0  0  0  0 -1  0  0  0  0  0  0 -1  0  0  0  0  0 

 4  WEB:A-C E
 2  WDI:B-K U
 4  WEB:B-K E
 2  WDI:D-I U
 4  WEB:E-J E
 2  WDI:F-E U
 4  WEB:M-W E
 2  WDI:N-P U
 4  WEB:N-H E
 2  WDI:O-A U
 4  WEB:Q-T E
 4  WEB:T-Q E
 4  WEB:W-M E
 4  WEB:X-S E
 2  WDI:Z-M U
 4  WEB:Z-G E

CHECKING LETTER: U

  A  B  C  D  E  F  G  H  I  J  K  L  M  N  O  P  Q  R  S  T  U  V  W  X  Y  Z
A 0  0  0  0 -1  0  0  0  0  0  0  0  0 -1  0  0  0  0  0  0 -1  0  0  0  0  0 
B 0  0  0  0 -1  0  0  0  0  0  0  0  0 -1  0  0  0  0  0  0 -1  0  0  0  0  0 
C 0  0  0  0 -1  0  0  0  0  0  0  0  0 -1  0  0  0  0  0  0 -1  0  0  0  0  0 
D 0  0  0  0 -1  0  0  0  0  0  0  0  0 -1  0  0  0  0  0  0 -1  0  0  0  0  0 
? 1  1 -1  1  1  1 -1 -1  1 -1 -1  0 -1  1  1  1 -1  1 -1 -1 -1  1 -1  1  1  1 
F 0  0  0  0 -1  0  0  0  0  0  0  0  0 -1  0  0  0  0  0  0 -1  0  0  0  0  0 
G 0  0  0  0 -1  0  0  0  0  0  0  0  0 -1  0  0  0  0  0  0 -1  0  0  0  0  0 
H 0  0  0  0 -1  0  0  0  0  0  0  0  0  0  0  0  0  0  0  0 -1  0  0  0  0  0 
I 0  0  0  0 -1  0  0  0  0  0  0  0  0 -1  0  0  0  0  0  0 -1  0  0  0  0  0 
J 0  0  0  0 -1  0  0  0  0  0  0  0  0  0  0  0  0  0  0  0  0  0  0  0  0  0 
K 0  0  0  0 -1  0  0  0  0  0  0  0  0 -1  0  0  0  0  0  0 -1  0  0  0  0  0 
L 0  0  0  0  0  0  0  0  0  0  0  0  0 -1  0  0  0  0  0  0  0  0  0  0  0  0 
M 0  0  0  0 -1  0  0  0  0  0  0  0  0 -1  0  0  0  0  0  0 -1  0  0  0  0  0 
N 1  1  1  1  1  1  1  0  1  0  1  1  1  1  1  1  1  1  0  1  1  0  1  1  1  1 
O 0  0  0  0 -1  0  0  0  0  0  0  0  0 -1  0  0  0  0  0  0 -1  0  0  0  0  0 
P 0  0  0  0 -1  0  0  0  0  0  0  0  0 -1  0  0  0  0  0  0 -1  0  0  0  0  0 
Q 0  0  0  0 -1  0  0  0  0  0  0  0  0 -1  0  0  0  0  0  0 -1  0  0  0  0  0 
R 0  0  0  0 -1  0  0  0  0  0  0  0  0 -1  0  0  0  0  0  0 -1  0  0  0  0  0 
S 0  0  0  0 -1  0  0  0  0  0  0  0  0  0  0  0  0  0  0  0 -1  0  0  0  0  0 
T 0  0  0  0 -1  0  0  0  0  0  0  0  0 -1  0  0  0  0  0  0 -1  0  0  0  0  0 
U-1  1  1 -1 -1 -1 -1  1 -1  0 -1  0 -1  1 -1 -1 -1  1  1  1  1  0  0  1 -1 -1 
V 0  0  0  0 -1  0  0  0  0  0  0  0  0  0  0  0  0  0  0  0  0  0  0  0  0  0 
W 0  0  0  0 -1  0  0  0  0  0  0  0  0 -1  0  0  0  0  0  0  0  0  0  0  0  0 
X 0  0  0  0 -1  0  0  0  0  0  0  0  0 -1  0  0  0  0  0  0 -1  0  0  0  0  0 
Y 0  0  0  0 -1  0  0  0  0  0  0  0  0 -1  0  0  0  0  0  0 -1  0  0  0  0  0 
Z 0  0  0  0 -1  0  0  0  0  0  0  0  0 -1  0  0  0  0  0  0 -1  0  0  0  0  0 

 1  WDB:F-H N
 1  WDB:G-S N

CHECKING LETTER: E

  A  B  C  D  E  F  G  H  I  J  K  L  M  N  O  P  Q  R  S  T  U  V  W  X  Y  Z
A 0  0  0  0 -1  0  0  0  0  0  0  0  0 -1  0  0  0  0  0  0 -1  0  0  0  0  0 
B 0  0  0  0 -1  0  0  0  0  0  0  0  0 -1  0  0  0  0  0  0 -1  0  0  0  0  0 
C 0  0  0  0 -1  0  0  0  0  0  0  0  0 -1  0  0  0  0  0  0 -1  0  0  0  0  0 
D 0  0  0  0 -1  0  0  0  0  0  0  0  0 -1  0  0  0  0  0  0 -1  0  0  0  0  0 
? 1  1 -1  1  1  1 -1 -1  1 -1 -1  0 -1  1  1  1 -1  1 -1 -1 -1  1 -1  1  1  1 
F 0  0  0  0 -1  0  0  0  0  0  0  0  0 -1  0  0  0  0  0  0 -1  0  0  0  0  0 
G 0  0  0  0 -1  0  0  0  0  0  0  0  0 -1  0  0  0  0  0  0 -1  0  0  0  0  0 
H 0  0  0  0 -1  0  0  0  0  0  0  0  0 -1  0  0  0  0  0  0 -1  0  0  0  0  0 
I 0  0  0  0 -1  0  0  0  0  0  0  0  0 -1  0  0  0  0  0  0 -1  0  0  0  0  0 
J 0  0  0  0 -1  0  0  0  0  0  0  0  0  0  0  0  0  0  0  0  0  0  0  0  0  0 
K 0  0  0  0 -1  0  0  0  0  0  0  0  0 -1  0  0  0  0  0  0 -1  0  0  0  0  0 
L 0  0  0  0  0  0  0  0  0  0  0  0  0 -1  0  0  0  0  0  0  0  0  0  0  0  0 
M 0  0  0  0 -1  0  0  0  0  0  0  0  0 -1  0  0  0  0  0  0 -1  0  0  0  0  0 
N 1  1  1  1  1  1  1 -1  1  0  1  1  1  1  1  1  1  1 -1  1  1  0  1  1  1  1 
O 0  0  0  0 -1  0  0  0  0  0  0  0  0 -1  0  0  0  0  0  0 -1  0  0  0  0  0 
P 0  0  0  0 -1  0  0  0  0  0  0  0  0 -1  0  0  0  0  0  0 -1  0  0  0  0  0 
Q 0  0  0  0 -1  0  0  0  0  0  0  0  0 -1  0  0  0  0  0  0 -1  0  0  0  0  0 
R 0  0  0  0 -1  0  0  0  0  0  0  0  0 -1  0  0  0  0  0  0 -1  0  0  0  0  0 
S 0  0  0  0 -1  0  0  0  0  0  0  0  0 -1  0  0  0  0  0  0 -1  0  0  0  0  0 
T 0  0  0  0 -1  0  0  0  0  0  0  0  0 -1  0  0  0  0  0  0 -1  0  0  0  0  0 
U 1  1  1  1  1  1  1  1  1  0  1  0  1  1  1  1  1  1  1  1  1  0  0  1  1  1 
V 0  0  0  0 -1  0  0  0  0  0  0  0  0  0  0  0  0  0  0  0  0  0  0  0  0  0 
W 0  0  0  0 -1  0  0  0  0  0  0  0  0 -1  0  0  0  0  0  0  0  0  0  0  0  0 
X 0  0  0  0 -1  0  0  0  0  0  0  0  0 -1  0  0  0  0  0  0 -1  0  0  0  0  0 
Y 0  0  0  0 -1  0  0  0  0  0  0  0  0 -1  0  0  0  0  0  0 -1  0  0  0  0  0 
Z 0  0  0  0 -1  0  0  0  0  0  0  0  0 -1  0  0  0  0  0  0 -1  0  0  0  0  0 

 5  WEH:C-V U
 5  WEH:J-L U
 7  WEE:M-J N
 5  WEH:U-W U

CHECKING LETTER: N

  A  B  C  D  E  F  G  H  I  J  K  L  M  N  O  P  Q  R  S  T  U  V  W  X  Y  Z
A 0  0  0  0 -1  0  0  0  0  0  0  0  0 -1  0  0  0  0  0  0 -1  0  0  0  0  0 
B 0  0  0  0 -1  0  0  0  0  0  0  0  0 -1  0  0  0  0  0  0 -1  0  0  0  0  0 
C 0  0  0  0 -1  0  0  0  0  0  0  0  0 -1  0  0  0  0  0  0 -1  0  0  0  0  0 
D 0  0  0  0 -1  0  0  0  0  0  0  0  0 -1  0  0  0  0  0  0 -1  0  0  0  0  0 
? 1  1  1  1  1  1  1  1  1  1  1  0  1  1  1  1  1  1  1  1  1  1  1  1  1  1 
F 0  0  0  0 -1  0  0  0  0  0  0  0  0 -1  0  0  0  0  0  0 -1  0  0  0  0  0 
G 0  0  0  0 -1  0  0  0  0  0  0  0  0 -1  0  0  0  0  0  0 -1  0  0  0  0  0 
H 0  0  0  0 -1  0  0  0  0  0  0  0  0 -1  0  0  0  0  0  0 -1  0  0  0  0  0 
I 0  0  0  0 -1  0  0  0  0  0  0  0  0 -1  0  0  0  0  0  0 -1  0  0  0  0  0 
J 0  0  0  0 -1  0  0  0  0  0  0  0  0 -1  0  0  0  0  0  0  0  0  0  0  0  0 
K 0  0  0  0 -1  0  0  0  0  0  0  0  0 -1  0  0  0  0  0  0 -1  0  0  0  0  0 
L 0  0  0  0  0  0  0  0  0  0  0  0  0 -1  0  0  0  0  0  0 -1  0  0  0  0  0 
M 0  0  0  0 -1  0  0  0  0  0  0  0  0 -1  0  0  0  0  0  0 -1  0  0  0  0  0 
N 1  1  1  1  1  1  1 -1  1 -1  1  1  1  1  1  1  1  1 -1  1  1  0  1  1  1  1 
O 0  0  0  0 -1  0  0  0  0  0  0  0  0 -1  0  0  0  0  0  0 -1  0  0  0  0  0 
P 0  0  0  0 -1  0  0  0  0  0  0  0  0 -1  0  0  0  0  0  0 -1  0  0  0  0  0 
Q 0  0  0  0 -1  0  0  0  0  0  0  0  0 -1  0  0  0  0  0  0 -1  0  0  0  0  0 
R 0  0  0  0 -1  0  0  0  0  0  0  0  0 -1  0  0  0  0  0  0 -1  0  0  0  0  0 
S 0  0  0  0 -1  0  0  0  0  0  0  0  0 -1  0  0  0  0  0  0 -1  0  0  0  0  0 
T 0  0  0  0 -1  0  0  0  0  0  0  0  0 -1  0  0  0  0  0  0 -1  0  0  0  0  0 
U 1  1  1  1  1  1  1  1  1  0  1 -1  1  1  1  1  1  1  1  1  1 -1 -1  1  1  1 
V 0  0  0  0 -1  0  0  0  0  0  0  0  0  0  0  0  0  0  0  0 -1  0  0  0  0  0 
W 0  0  0  0 -1  0  0  0  0  0  0  0  0 -1  0  0  0  0  0  0 -1  0  0  0  0  0 
X 0  0  0  0 -1  0  0  0  0  0  0  0  0 -1  0  0  0  0  0  0 -1  0  0  0  0  0 
Y 0  0  0  0 -1  0  0  0  0  0  0  0  0 -1  0  0  0  0  0  0 -1  0  0  0  0  0 
Z 0  0  0  0 -1  0  0  0  0  0  0  0  0 -1  0  0  0  0  0  0 -1  0  0  0  0  0 


CHECKING LETTER: U

  A  B  C  D  E  F  G  H  I  J  K  L  M  N  O  P  Q  R  S  T  U  V  W  X  Y  Z
A 0  0  0  0 -1  0  0  0  0  0  0  0  0 -1  0  0  0  0  0  0 -1  0  0  0  0  0 
B 0  0  0  0 -1  0  0  0  0  0  0  0  0 -1  0  0  0  0  0  0 -1  0  0  0  0  0 
C 0  0  0  0 -1  0  0  0  0  0  0  0  0 -1  0  0  0  0  0  0 -1  0  0  0  0  0 
D 0  0  0  0 -1  0  0  0  0  0  0  0  0 -1  0  0  0  0  0  0 -1  0  0  0  0  0 
? 1  1  1  1  1  1  1  1  1  1  1  0  1  1  1  1  1  1  1  1  1  1  1  1  1  1 
F 0  0  0  0 -1  0  0  0  0  0  0  0  0 -1  0  0  0  0  0  0 -1  0  0  0  0  0 
G 0  0  0  0 -1  0  0  0  0  0  0  0  0 -1  0  0  0  0  0  0 -1  0  0  0  0  0 
H 0  0  0  0 -1  0  0  0  0  0  0  0  0 -1  0  0  0  0  0  0 -1  0  0  0  0  0 
I 0  0  0  0 -1  0  0  0  0  0  0  0  0 -1  0  0  0  0  0  0 -1  0  0  0  0  0 
J 0  0  0  0 -1  0  0  0  0  0  0  0  0 -1  0  0  0  0  0  0  0  0  0  0  0  0 
K 0  0  0  0 -1  0  0  0  0  0  0  0  0 -1  0  0  0  0  0  0 -1  0  0  0  0  0 
L 0  0  0  0  0  0  0  0  0  0  0  0  0 -1  0  0  0  0  0  0 -1  0  0  0  0  0 
M 0  0  0  0 -1  0  0  0  0  0  0  0  0 -1  0  0  0  0  0  0 -1  0  0  0  0  0 
N 1  1  1  1  1  1  1  1  1  1  1  1  1  1  1  1  1  1  1  1  1  0  1  1  1  1 
O 0  0  0  0 -1  0  0  0  0  0  0  0  0 -1  0  0  0  0  0  0 -1  0  0  0  0  0 
P 0  0  0  0 -1  0  0  0  0  0  0  0  0 -1  0  0  0  0  0  0 -1  0  0  0  0  0 
Q 0  0  0  0 -1  0  0  0  0  0  0  0  0 -1  0  0  0  0  0  0 -1  0  0  0  0  0 
R 0  0  0  0 -1  0  0  0  0  0  0  0  0 -1  0  0  0  0  0  0 -1  0  0  0  0  0 
S 0  0  0  0 -1  0  0  0  0  0  0  0  0 -1  0  0  0  0  0  0 -1  0  0  0  0  0 
T 0  0  0  0 -1  0  0  0  0  0  0  0  0 -1  0  0  0  0  0  0 -1  0  0  0  0  0 
U 1  1  1  1  1  1  1  1  1  0  1 -1  1  1  1  1  1  1  1  1  1 -1 -1  1  1  1 
V 0  0  0  0 -1  0  0  0  0  0  0  0  0  0  0  0  0  0  0  0 -1  0  0  0  0  0 
W 0  0  0  0 -1  0  0  0  0  0  0  0  0 -1  0  0  0  0  0  0 -1  0  0  0  0  0 
X 0  0  0  0 -1  0  0  0  0  0  0  0  0 -1  0  0  0  0  0  0 -1  0  0  0  0  0 
Y 0  0  0  0 -1  0  0  0  0  0  0  0  0 -1  0  0  0  0  0  0 -1  0  0  0  0  0 
Z 0  0  0  0 -1  0  0  0  0  0  0  0  0 -1  0  0  0  0  0  0 -1  0  0  0  0  0 


CHECKING LETTER: E

  A  B  C  D  E  F  G  H  I  J  K  L  M  N  O  P  Q  R  S  T  U  V  W  X  Y  Z
A 0  0  0  0 -1  0  0  0  0  0  0  0  0 -1  0  0  0  0  0  0 -1  0  0  0  0  0 
B 0  0  0  0 -1  0  0  0  0  0  0  0  0 -1  0  0  0  0  0  0 -1  0  0  0  0  0 
C 0  0  0  0 -1  0  0  0  0  0  0  0  0 -1  0  0  0  0  0  0 -1  0  0  0  0  0 
D 0  0  0  0 -1  0  0  0  0  0  0  0  0 -1  0  0  0  0  0  0 -1  0  0  0  0  0 
? 1  1  1  1  1  1  1  1  1  1  1  0  1  1  1  1  1  1  1  1  1  1  1  1  1  1 
F 0  0  0  0 -1  0  0  0  0  0  0  0  0 -1  0  0  0  0  0  0 -1  0  0  0  0  0 
G 0  0  0  0 -1  0  0  0  0  0  0  0  0 -1  0  0  0  0  0  0 -1  0  0  0  0  0 
H 0  0  0  0 -1  0  0  0  0  0  0  0  0 -1  0  0  0  0  0  0 -1  0  0  0  0  0 
I 0  0  0  0 -1  0  0  0  0  0  0  0  0 -1  0  0  0  0  0  0 -1  0  0  0  0  0 
J 0  0  0  0 -1  0  0  0  0  0  0  0  0 -1  0  0  0  0  0  0  0  0  0  0  0  0 
K 0  0  0  0 -1  0  0  0  0  0  0  0  0 -1  0  0  0  0  0  0 -1  0  0  0  0  0 
L 0  0  0  0  0  0  0  0  0  0  0  0  0 -1  0  0  0  0  0  0 -1  0  0  0  0  0 
M 0  0  0  0 -1  0  0  0  0  0  0  0  0 -1  0  0  0  0  0  0 -1  0  0  0  0  0 
N 1  1  1  1  1  1  1  1  1  1  1  1  1  1  1  1  1  1  1  1  1  0  1  1  1  1 
O 0  0  0  0 -1  0  0  0  0  0  0  0  0 -1  0  0  0  0  0  0 -1  0  0  0  0  0 
P 0  0  0  0 -1  0  0  0  0  0  0  0  0 -1  0  0  0  0  0  0 -1  0  0  0  0  0 
Q 0  0  0  0 -1  0  0  0  0  0  0  0  0 -1  0  0  0  0  0  0 -1  0  0  0  0  0 
R 0  0  0  0 -1  0  0  0  0  0  0  0  0 -1  0  0  0  0  0  0 -1  0  0  0  0  0 
S 0  0  0  0 -1  0  0  0  0  0  0  0  0 -1  0  0  0  0  0  0 -1  0  0  0  0  0 
T 0  0  0  0 -1  0  0  0  0  0  0  0  0 -1  0  0  0  0  0  0 -1  0  0  0  0  0 
U 1  1  1  1  1  1  1  1  1  0  1  1  1  1  1  1  1  1  1  1  1  1  1  1  1  1 
V 0  0  0  0 -1  0  0  0  0  0  0  0  0  0  0  0  0  0  0  0 -1  0  0  0  0  0 
W 0  0  0  0 -1  0  0  0  0  0  0  0  0 -1  0  0  0  0  0  0 -1  0  0  0  0  0 
X 0  0  0  0 -1  0  0  0  0  0  0  0  0 -1  0  0  0  0  0  0 -1  0  0  0  0  0 
Y 0  0  0  0 -1  0  0  0  0  0  0  0  0 -1  0  0  0  0  0  0 -1  0  0  0  0  0 
Z 0  0  0  0 -1  0  0  0  0  0  0  0  0 -1  0  0  0  0  0  0 -1  0  0  0  0  0 

STOP

INDICATOR: CVQ
TEST REGISTER: 
 A  B  C  D  E  F  G  H  I  J  K  L  M  N  O  P  Q  R  S  T  U  V  W  X  Y  Z  
 1  1  1  1  1  1  1  1  1  1  1  0  1  1  1  1  1  1  1  1  1  1  1  1  1  1 

BREAK IN  5430
OK
LIST 20530

 20530 DATA "DVQ"

OK
20530 DATA "EVQ"
RUN
READING BOMBE SETUP DATA...

TOP DRUM: III
MIDDLE DRUM: II
BOTTOM DRUM: IV
REFLECTOR: B
SCRAMBLERS: 
ZZS ZZZ ZAX ZAS ZAY ZZW ZAV      
SCRAMBLER OUTPUT LETTERS: N U N E U E N      
NUMBER OF MENU LETTERS:  3 
MENU LETTERS: E N U  
INPUT MENU LETTER: E
INPUT STECKER LETTER: A
CONNECTIONS:
E: 5  7 
N: 2  4 
U: 3  1  6 
INDICATOR START: EVQ
OFFSETTING SCRAMBLERS:
UDB UDI UEG UEB UEH UDF UEE      


INDICATOR: DVQ
SCRAMBLERS: 
VDB VDI VEG VEB VEH VDF VEE      
CHECKING LETTER: E

  A  B  C  D  E  F  G  H  I  J  K  L  M  N  O  P  Q  R  S  T  U  V  W  X  Y  Z
A 0  0  0  0 -1  0  0  0  0  0  0  0  0  0  0  0  0  0  0  0  0  0  0  0  0  0 
B 0  0  0  0  0  0  0  0  0  0  0  0  0  0  0  0  0  0  0  0  0  0  0  0  0  0 
C 0  0  0  0  0  0  0  0  0  0  0  0  0  0  0  0  0  0  0  0  0  0  0  0  0  0 
D 0  0  0  0  0  0  0  0  0  0  0  0  0  0  0  0  0  0  0  0  0  0  0  0  0  0 
?-1  0  0  0  0  0  0  0  0  0  0  0  0  0  0  0  0  0  0  0  0  0  0  0  0  0 
F 0  0  0  0  0  0  0  0  0  0  0  0  0  0  0  0  0  0  0  0  0  0  0  0  0  0 
G 0  0  0  0  0  0  0  0  0  0  0  0  0  0  0  0  0  0  0  0  0  0  0  0  0  0 
H 0  0  0  0  0  0  0  0  0  0  0  0  0  0  0  0  0  0  0  0  0  0  0  0  0  0 
I 0  0  0  0  0  0  0  0  0  0  0  0  0  0  0  0  0  0  0  0  0  0  0  0  0  0 
J 0  0  0  0  0  0  0  0  0  0  0  0  0  0  0  0  0  0  0  0  0  0  0  0  0  0 
K 0  0  0  0  0  0  0  0  0  0  0  0  0  0  0  0  0  0  0  0  0  0  0  0  0  0 
L 0  0  0  0  0  0  0  0  0  0  0  0  0  0  0  0  0  0  0  0  0  0  0  0  0  0 
M 0  0  0  0  0  0  0  0  0  0  0  0  0  0  0  0  0  0  0  0  0  0  0  0  0  0 
N 0  0  0  0  0  0  0  0  0  0  0  0  0  0  0  0  0  0  0  0  0  0  0  0  0  0 
O 0  0  0  0  0  0  0  0  0  0  0  0  0  0  0  0  0  0  0  0  0  0  0  0  0  0 
P 0  0  0  0  0  0  0  0  0  0  0  0  0  0  0  0  0  0  0  0  0  0  0  0  0  0 
Q 0  0  0  0  0  0  0  0  0  0  0  0  0  0  0  0  0  0  0  0  0  0  0  0  0  0 
R 0  0  0  0  0  0  0  0  0  0  0  0  0  0  0  0  0  0  0  0  0  0  0  0  0  0 
S 0  0  0  0  0  0  0  0  0  0  0  0  0  0  0  0  0  0  0  0  0  0  0  0  0  0 
T 0  0  0  0  0  0  0  0  0  0  0  0  0  0  0  0  0  0  0  0  0  0  0  0  0  0 
U 0  0  0  0  0  0  0  0  0  0  0  0  0  0  0  0  0  0  0  0  0  0  0  0  0  0 
V 0  0  0  0  0  0  0  0  0  0  0  0  0  0  0  0  0  0  0  0  0  0  0  0  0  0 
W 0  0  0  0  0  0  0  0  0  0  0  0  0  0  0  0  0  0  0  0  0  0  0  0  0  0 
X 0  0  0  0  0  0  0  0  0  0  0  0  0  0  0  0  0  0  0  0  0  0  0  0  0  0 
Y 0  0  0  0  0  0  0  0  0  0  0  0  0  0  0  0  0  0  0  0  0  0  0  0  0  0 
Z 0  0  0  0  0  0  0  0  0  0  0  0  0  0  0  0  0  0  0  0  0  0  0  0  0  0 

 5  VEH:A-R U
 7  VEE:A-Z N

CHECKING LETTER: N

  A  B  C  D  E  F  G  H  I  J  K  L  M  N  O  P  Q  R  S  T  U  V  W  X  Y  Z
A 0  0  0  0 -1  0  0  0  0  0  0  0  0  0  0  0  0  0  0  0  0  0  0  0  0  0 
B 0  0  0  0  0  0  0  0  0  0  0  0  0  0  0  0  0  0  0  0  0  0  0  0  0  0 
C 0  0  0  0  0  0  0  0  0  0  0  0  0  0  0  0  0  0  0  0  0  0  0  0  0  0 
D 0  0  0  0  0  0  0  0  0  0  0  0  0  0  0  0  0  0  0  0  0  0  0  0  0  0 
? 1  0  0  0  0  0  0  0  0  0  0  0  0  0  0  0  0  0  0  0  0  0  0  0  0  0 
F 0  0  0  0  0  0  0  0  0  0  0  0  0  0  0  0  0  0  0  0  0  0  0  0  0  0 
G 0  0  0  0  0  0  0  0  0  0  0  0  0  0  0  0  0  0  0  0  0  0  0  0  0  0 
H 0  0  0  0  0  0  0  0  0  0  0  0  0  0  0  0  0  0  0  0  0  0  0  0  0  0 
I 0  0  0  0  0  0  0  0  0  0  0  0  0  0  0  0  0  0  0  0  0  0  0  0  0  0 
J 0  0  0  0  0  0  0  0  0  0  0  0  0  0  0  0  0  0  0  0  0  0  0  0  0  0 
K 0  0  0  0  0  0  0  0  0  0  0  0  0  0  0  0  0  0  0  0  0  0  0  0  0  0 
L 0  0  0  0  0  0  0  0  0  0  0  0  0  0  0  0  0  0  0  0  0  0  0  0  0  0 
M 0  0  0  0  0  0  0  0  0  0  0  0  0  0  0  0  0  0  0  0  0  0  0  0  0  0 
N 0  0  0  0  0  0  0  0  0  0  0  0  0  0  0  0  0  0  0  0  0  0  0  0  0 -1 
O 0  0  0  0  0  0  0  0  0  0  0  0  0  0  0  0  0  0  0  0  0  0  0  0  0  0 
P 0  0  0  0  0  0  0  0  0  0  0  0  0  0  0  0  0  0  0  0  0  0  0  0  0  0 
Q 0  0  0  0  0  0  0  0  0  0  0  0  0  0  0  0  0  0  0  0  0  0  0  0  0  0 
R 0  0  0  0  0  0  0  0  0  0  0  0  0  0  0  0  0  0  0  0 -1  0  0  0  0  0 
S 0  0  0  0  0  0  0  0  0  0  0  0  0  0  0  0  0  0  0  0  0  0  0  0  0  0 
T 0  0  0  0  0  0  0  0  0  0  0  0  0  0  0  0  0  0  0  0  0  0  0  0  0  0 
U 0  0  0  0  0  0  0  0  0  0  0  0  0  0  0  0  0 -1  0  0  0  0  0  0  0  0 
V 0  0  0  0  0  0  0  0  0  0  0  0  0  0  0  0  0  0  0  0  0  0  0  0  0  0 
W 0  0  0  0  0  0  0  0  0  0  0  0  0  0  0  0  0  0  0  0  0  0  0  0  0  0 
X 0  0  0  0  0  0  0  0  0  0  0  0  0  0  0  0  0  0  0  0  0  0  0  0  0  0 
Y 0  0  0  0  0  0  0  0  0  0  0  0  0  0  0  0  0  0  0  0  0  0  0  0  0  0 
Z 0  0  0  0  0  0  0  0  0  0  0  0  0 -1  0  0  0  0  0  0  0  0  0  0  0  0 

 2  VDI:Z-H U
 4  VEB:Z-B E

CHECKING LETTER: U

  A  B  C  D  E  F  G  H  I  J  K  L  M  N  O  P  Q  R  S  T  U  V  W  X  Y  Z
A 0  0  0  0 -1  0  0  0  0  0  0  0  0  0  0  0  0  0  0  0  0  0  0  0  0  0 
B 0  0  0  0 -1  0  0  0  0  0  0  0  0  0  0  0  0  0  0  0  0  0  0  0  0  0 
C 0  0  0  0  0  0  0  0  0  0  0  0  0  0  0  0  0  0  0  0  0  0  0  0  0  0 
D 0  0  0  0  0  0  0  0  0  0  0  0  0  0  0  0  0  0  0  0  0  0  0  0  0  0 
? 1 -1  0  0  0  0  0  0  0  0  0  0  0  0  0  0  0  0  0  0  0  0  0  0  0  0 
F 0  0  0  0  0  0  0  0  0  0  0  0  0  0  0  0  0  0  0  0  0  0  0  0  0  0 
G 0  0  0  0  0  0  0  0  0  0  0  0  0  0  0  0  0  0  0  0  0  0  0  0  0  0 
H 0  0  0  0  0  0  0  0  0  0  0  0  0  0  0  0  0  0  0  0 -1  0  0  0  0  0 
I 0  0  0  0  0  0  0  0  0  0  0  0  0  0  0  0  0  0  0  0  0  0  0  0  0  0 
J 0  0  0  0  0  0  0  0  0  0  0  0  0  0  0  0  0  0  0  0  0  0  0  0  0  0 
K 0  0  0  0  0  0  0  0  0  0  0  0  0  0  0  0  0  0  0  0  0  0  0  0  0  0 
L 0  0  0  0  0  0  0  0  0  0  0  0  0  0  0  0  0  0  0  0  0  0  0  0  0  0 
M 0  0  0  0  0  0  0  0  0  0  0  0  0  0  0  0  0  0  0  0  0  0  0  0  0  0 
N 0  0  0  0  0  0  0  0  0  0  0  0  0  0  0  0  0  0  0  0  0  0  0  0  0  1 
O 0  0  0  0  0  0  0  0  0  0  0  0  0  0  0  0  0  0  0  0  0  0  0  0  0  0 
P 0  0  0  0  0  0  0  0  0  0  0  0  0  0  0  0  0  0  0  0  0  0  0  0  0  0 
Q 0  0  0  0  0  0  0  0  0  0  0  0  0  0  0  0  0  0  0  0  0  0  0  0  0  0 
R 0  0  0  0  0  0  0  0  0  0  0  0  0  0  0  0  0  0  0  0 -1  0  0  0  0  0 
S 0  0  0  0  0  0  0  0  0  0  0  0  0  0  0  0  0  0  0  0  0  0  0  0  0  0 
T 0  0  0  0  0  0  0  0  0  0  0  0  0  0  0  0  0  0  0  0  0  0  0  0  0  0 
U 0  0  0  0  0  0  0 -1  0  0  0  0  0  0  0  0  0 -1  0  0  0  0  0  0  0  0 
V 0  0  0  0  0  0  0  0  0  0  0  0  0  0  0  0  0  0  0  0  0  0  0  0  0  0 
W 0  0  0  0  0  0  0  0  0  0  0  0  0  0  0  0  0  0  0  0  0  0  0  0  0  0 
X 0  0  0  0  0  0  0  0  0  0  0  0  0  0  0  0  0  0  0  0  0  0  0  0  0  0 
Y 0  0  0  0  0  0  0  0  0  0  0  0  0  0  0  0  0  0  0  0  0  0  0  0  0  0 
Z 0  0  0  0  0  0  0  0  0  0  0  0  0 -1  0  0  0  0  0  0  0  0  0  0  0  0 

 3  VEG:H-A N
 1  VDB:H-M N
 6  VDF:H-K E
 3  VEG:R-C N
 1  VDB:R-K N

CHECKING LETTER: E

  A  B  C  D  E  F  G  H  I  J  K  L  M  N  O  P  Q  R  S  T  U  V  W  X  Y  Z
A 0  0  0  0 -1  0  0  0  0  0  0  0  0 -1  0  0  0  0  0  0  0  0  0  0  0  0 
B 0  0  0  0 -1  0  0  0  0  0  0  0  0  0  0  0  0  0  0  0  0  0  0  0  0  0 
C 0  0  0  0  0  0  0  0  0  0  0  0  0 -1  0  0  0  0  0  0  0  0  0  0  0  0 
D 0  0  0  0  0  0  0  0  0  0  0  0  0  0  0  0  0  0  0  0  0  0  0  0  0  0 
? 1 -1  0  0  0  0  0  0  0  0 -1  0  0  0  0  0  0  0  0  0  0  0  0  0  0  0 
F 0  0  0  0  0  0  0  0  0  0  0  0  0  0  0  0  0  0  0  0  0  0  0  0  0  0 
G 0  0  0  0  0  0  0  0  0  0  0  0  0  0  0  0  0  0  0  0  0  0  0  0  0  0 
H 0  0  0  0  0  0  0  0  0  0  0  0  0  0  0  0  0  0  0  0 -1  0  0  0  0  0 
I 0  0  0  0  0  0  0  0  0  0  0  0  0  0  0  0  0  0  0  0  0  0  0  0  0  0 
J 0  0  0  0  0  0  0  0  0  0  0  0  0  0  0  0  0  0  0  0  0  0  0  0  0  0 
K 0  0  0  0 -1  0  0  0  0  0  0  0  0 -1  0  0  0  0  0  0  0  0  0  0  0  0 
L 0  0  0  0  0  0  0  0  0  0  0  0  0  0  0  0  0  0  0  0  0  0  0  0  0  0 
M 0  0  0  0  0  0  0  0  0  0  0  0  0 -1  0  0  0  0  0  0  0  0  0  0  0  0 
N-1  0 -1  0  0  0  0  0  0  0 -1  0 -1  0  0  0  0  0  0  0  0  0  0  0  0  1 
O 0  0  0  0  0  0  0  0  0  0  0  0  0  0  0  0  0  0  0  0  0  0  0  0  0  0 
P 0  0  0  0  0  0  0  0  0  0  0  0  0  0  0  0  0  0  0  0  0  0  0  0  0  0 
Q 0  0  0  0  0  0  0  0  0  0  0  0  0  0  0  0  0  0  0  0  0  0  0  0  0  0 
R 0  0  0  0  0  0  0  0  0  0  0  0  0  0  0  0  0  0  0  0 -1  0  0  0  0  0 
S 0  0  0  0  0  0  0  0  0  0  0  0  0  0  0  0  0  0  0  0  0  0  0  0  0  0 
T 0  0  0  0  0  0  0  0  0  0  0  0  0  0  0  0  0  0  0  0  0  0  0  0  0  0 
U 0  0  0  0  0  0  0  1  0  0  0  0  0  0  0  0  0  1  0  0  0  0  0  0  0  0 
V 0  0  0  0  0  0  0  0  0  0  0  0  0  0  0  0  0  0  0  0  0  0  0  0  0  0 
W 0  0  0  0  0  0  0  0  0  0  0  0  0  0  0  0  0  0  0  0  0  0  0  0  0  0 
X 0  0  0  0  0  0  0  0  0  0  0  0  0  0  0  0  0  0  0  0  0  0  0  0  0  0 
Y 0  0  0  0  0  0  0  0  0  0  0  0  0  0  0  0  0  0  0  0  0  0  0  0  0  0 
Z 0  0  0  0  0  0  0  0  0  0  0  0  0 -1  0  0  0  0  0  0  0  0  0  0  0  0 

 5  VEH:B-W U
 7  VEE:B-N N
 5  VEH:K-M U
 7  VEE:K-G N

CHECKING LETTER: N

  A  B  C  D  E  F  G  H  I  J  K  L  M  N  O  P  Q  R  S  T  U  V  W  X  Y  Z
A 0  0  0  0 -1  0  0  0  0  0  0  0  0 -1  0  0  0  0  0  0  0  0  0  0  0  0 
B 0  0  0  0 -1  0  0  0  0  0  0  0  0  0  0  0  0  0  0  0  0  0  0  0  0  0 
C 0  0  0  0  0  0  0  0  0  0  0  0  0 -1  0  0  0  0  0  0  0  0  0  0  0  0 
D 0  0  0  0  0  0  0  0  0  0  0  0  0  0  0  0  0  0  0  0  0  0  0  0  0  0 
? 1  1  0  0  0  0  0  0  0  0  1  0  0  0  0  0  0  0  0  0  0  0  0  0  0  0 
F 0  0  0  0  0  0  0  0  0  0  0  0  0  0  0  0  0  0  0  0  0  0  0  0  0  0 
G 0  0  0  0  0  0  0  0  0  0  0  0  0 -1  0  0  0  0  0  0  0  0  0  0  0  0 
H 0  0  0  0  0  0  0  0  0  0  0  0  0  0  0  0  0  0  0  0 -1  0  0  0  0  0 
I 0  0  0  0  0  0  0  0  0  0  0  0  0  0  0  0  0  0  0  0  0  0  0  0  0  0 
J 0  0  0  0  0  0  0  0  0  0  0  0  0  0  0  0  0  0  0  0  0  0  0  0  0  0 
K 0  0  0  0 -1  0  0  0  0  0  0  0  0 -1  0  0  0  0  0  0  0  0  0  0  0  0 
L 0  0  0  0  0  0  0  0  0  0  0  0  0  0  0  0  0  0  0  0  0  0  0  0  0  0 
M 0  0  0  0  0  0  0  0  0  0  0  0  0 -1  0  0  0  0  0  0 -1  0  0  0  0  0 
N-1  0 -1  0  0  0 -1  0  0  0 -1  0 -1 -1  0  0  0  0  0  0  0  0  0  0  0  1 
O 0  0  0  0  0  0  0  0  0  0  0  0  0  0  0  0  0  0  0  0  0  0  0  0  0  0 
P 0  0  0  0  0  0  0  0  0  0  0  0  0  0  0  0  0  0  0  0  0  0  0  0  0  0 
Q 0  0  0  0  0  0  0  0  0  0  0  0  0  0  0  0  0  0  0  0  0  0  0  0  0  0 
R 0  0  0  0  0  0  0  0  0  0  0  0  0  0  0  0  0  0  0  0 -1  0  0  0  0  0 
S 0  0  0  0  0  0  0  0  0  0  0  0  0  0  0  0  0  0  0  0  0  0  0  0  0  0 
T 0  0  0  0  0  0  0  0  0  0  0  0  0  0  0  0  0  0  0  0  0  0  0  0  0  0 
U 0  0  0  0  0  0  0  1  0  0  0  0 -1  0  0  0  0  1  0  0  0  0 -1  0  0  0 
V 0  0  0  0  0  0  0  0  0  0  0  0  0  0  0  0  0  0  0  0  0  0  0  0  0  0 
W 0  0  0  0  0  0  0  0  0  0  0  0  0  0  0  0  0  0  0  0 -1  0  0  0  0  0 
X 0  0  0  0  0  0  0  0  0  0  0  0  0  0  0  0  0  0  0  0  0  0  0  0  0  0 
Y 0  0  0  0  0  0  0  0  0  0  0  0  0  0  0  0  0  0  0  0  0  0  0  0  0  0 
Z 0  0  0  0  0  0  0  0  0  0  0  0  0 -1  0  0  0  0  0  0  0  0  0  0  0  0 

 2  VDI:A-L U
 4  VEB:A-T E
 2  VDI:C-G U
 4  VEB:C-D E
 2  VDI:G-C U
 4  VEB:G-U E
 2  VDI:K-O U
 4  VEB:K-N E
 2  VDI:M-V U
 4  VEB:M-Q E
 2  VDI:N-X U

CHECKING LETTER: U

  A  B  C  D  E  F  G  H  I  J  K  L  M  N  O  P  Q  R  S  T  U  V  W  X  Y  Z
A 0  0  0  0 -1  0  0  0  0  0  0  0  0 -1  0  0  0  0  0  0  0  0  0  0  0  0 
B 0  0  0  0 -1  0  0  0  0  0  0  0  0  0  0  0  0  0  0  0  0  0  0  0  0  0 
C 0  0  0  0  0  0  0  0  0  0  0  0  0 -1  0  0  0  0  0  0 -1  0  0  0  0  0 
D 0  0  0  0 -1  0  0  0  0  0  0  0  0  0  0  0  0  0  0  0  0  0  0  0  0  0 
? 1  1  0 -1  0  0  0  0  0  0  1  0  0 -1  0  0 -1  0  0 -1 -1  0  0  0  0  0 
F 0  0  0  0  0  0  0  0  0  0  0  0  0  0  0  0  0  0  0  0  0  0  0  0  0  0 
G 0  0  0  0  0  0  0  0  0  0  0  0  0 -1  0  0  0  0  0  0 -1  0  0  0  0  0 
H 0  0  0  0  0  0  0  0  0  0  0  0  0  0  0  0  0  0  0  0 -1  0  0  0  0  0 
I 0  0  0  0  0  0  0  0  0  0  0  0  0  0  0  0  0  0  0  0  0  0  0  0  0  0 
J 0  0  0  0  0  0  0  0  0  0  0  0  0  0  0  0  0  0  0  0  0  0  0  0  0  0 
K 0  0  0  0 -1  0  0  0  0  0  0  0  0 -1  0  0  0  0  0  0  0  0  0  0  0  0 
L 0  0  0  0  0  0  0  0  0  0  0  0  0  0  0  0  0  0  0  0 -1  0  0  0  0  0 
M 0  0  0  0  0  0  0  0  0  0  0  0  0 -1  0  0  0  0  0  0 -1  0  0  0  0  0 
N 1  0  1  0 -1  0  1  0  0  0  1  0  1  1  0  0  0  0  0  0  0  0  0  0  0  1 
O 0  0  0  0  0  0  0  0  0  0  0  0  0  0  0  0  0  0  0  0 -1  0  0  0  0  0 
P 0  0  0  0  0  0  0  0  0  0  0  0  0  0  0  0  0  0  0  0  0  0  0  0  0  0 
Q 0  0  0  0 -1  0  0  0  0  0  0  0  0  0  0  0  0  0  0  0  0  0  0  0  0  0 
R 0  0  0  0  0  0  0  0  0  0  0  0  0  0  0  0  0  0  0  0 -1  0  0  0  0  0 
S 0  0  0  0  0  0  0  0  0  0  0  0  0  0  0  0  0  0  0  0  0  0  0  0  0  0 
T 0  0  0  0 -1  0  0  0  0  0  0  0  0  0  0  0  0  0  0  0  0  0  0  0  0  0 
U 0  0 -1  0 -1  0 -1  1  0  0  0 -1 -1  0 -1  0  0  1  0  0  0 -1 -1 -1  0  0 
V 0  0  0  0  0  0  0  0  0  0  0  0  0  0  0  0  0  0  0  0 -1  0  0  0  0  0 
W 0  0  0  0  0  0  0  0  0  0  0  0  0  0  0  0  0  0  0  0 -1  0  0  0  0  0 
X 0  0  0  0  0  0  0  0  0  0  0  0  0  0  0  0  0  0  0  0 -1  0  0  0  0  0 
Y 0  0  0  0  0  0  0  0  0  0  0  0  0  0  0  0  0  0  0  0  0  0  0  0  0  0 
Z 0  0  0  0  0  0  0  0  0  0  0  0  0 -1  0  0  0  0  0  0  0  0  0  0  0  0 

 3  VEG:C-R N
 1  VDB:C-S N
 6  VDF:C-V E
 3  VEG:E-L N
 1  VDB:E-T N
 3  VEG:G-O N
 1  VDB:G-V N
 6  VDF:G-I E
 1  VDB:L-F N
 6  VDF:L-F E
 3  VEG:M-Q N
 1  VDB:M-H N
 6  VDF:M-W E
 6  VDF:O-X E
 3  VEG:V-X N
 6  VDF:V-C E
 3  VEG:W-I N
 1  VDB:W-J N
 6  VDF:W-M E
 1  VDB:X-Y N
 6  VDF:X-O E

CHECKING LETTER: E

  A  B  C  D  E  F  G  H  I  J  K  L  M  N  O  P  Q  R  S  T  U  V  W  X  Y  Z
A 0  0  0  0 -1  0  0  0  0  0  0  0  0 -1  0  0  0  0  0  0  0  0  0  0  0  0 
B 0  0  0  0 -1  0  0  0  0  0  0  0  0  0  0  0  0  0  0  0  0  0  0  0  0  0 
C 0  0  0  0 -1  0  0  0  0  0  0  0  0 -1  0  0  0  0  0  0 -1  0  0  0  0  0 
D 0  0  0  0 -1  0  0  0  0  0  0  0  0  0  0  0  0  0  0  0  0  0  0  0  0  0 
? 1  1 -1 -1  0 -1  0  0 -1  0  1  0 -1 -1 -1  0 -1  0  0 -1 -1 -1 -1 -1  0  0 
F 0  0  0  0 -1  0  0  0  0  0  0  0  0 -1  0  0  0  0  0  0  0  0  0  0  0  0 
G 0  0  0  0  0  0  0  0  0  0  0  0  0 -1  0  0  0  0  0  0 -1  0  0  0  0  0 
H 0  0  0  0  0  0  0  0  0  0  0  0  0 -1  0  0  0  0  0  0 -1  0  0  0  0  0 
I 0  0  0  0 -1  0  0  0  0  0  0  0  0 -1  0  0  0  0  0  0  0  0  0  0  0  0 
J 0  0  0  0  0  0  0  0  0  0  0  0  0 -1  0  0  0  0  0  0  0  0  0  0  0  0 
K 0  0  0  0 -1  0  0  0  0  0  0  0  0 -1  0  0  0  0  0  0  0  0  0  0  0  0 
L 0  0  0  0  0  0  0  0  0  0  0  0  0 -1  0  0  0  0  0  0 -1  0  0  0  0  0 
M 0  0  0  0 -1  0  0  0  0  0  0  0  0 -1  0  0  0  0  0  0 -1  0  0  0  0  0 
N 1  0  1  0 -1 -1  1 -1 -1 -1  1 -1  1  1 -1  0 -1 -1 -1 -1  0 -1  0 -1 -1  1 
O 0  0  0  0 -1  0  0  0  0  0  0  0  0 -1  0  0  0  0  0  0 -1  0  0  0  0  0 
P 0  0  0  0  0  0  0  0  0  0  0  0  0  0  0  0  0  0  0  0  0  0  0  0  0  0 
Q 0  0  0  0 -1  0  0  0  0  0  0  0  0 -1  0  0  0  0  0  0  0  0  0  0  0  0 
R 0  0  0  0  0  0  0  0  0  0  0  0  0 -1  0  0  0  0  0  0 -1  0  0  0  0  0 
S 0  0  0  0  0  0  0  0  0  0  0  0  0 -1  0  0  0  0  0  0  0  0  0  0  0  0 
T 0  0  0  0 -1  0  0  0  0  0  0  0  0 -1  0  0  0  0  0  0  0  0  0  0  0  0 
U 0  0  1  0  1  0  1  1  0  0  0  1  1  0  1  0  0  1  0  0  0  1  1  1  0  0 
V 0  0  0  0 -1  0  0  0  0  0  0  0  0 -1  0  0  0  0  0  0 -1  0  0  0  0  0 
W 0  0  0  0 -1  0  0  0  0  0  0  0  0  0  0  0  0  0  0  0 -1  0  0  0  0  0 
X 0  0  0  0 -1  0  0  0  0  0  0  0  0 -1  0  0  0  0  0  0 -1  0  0  0  0  0 
Y 0  0  0  0  0  0  0  0  0  0  0  0  0 -1  0  0  0  0  0  0  0  0  0  0  0  0 
Z 0  0  0  0  0  0  0  0  0  0  0  0  0 -1  0  0  0  0  0  0  0  0  0  0  0  0 

 5  VEH:C-Y U
 5  VEH:D-S U
 5  VEH:F-I U
 5  VEH:I-F U
 5  VEH:M-K U
 7  VEE:M-U N
 7  VEE:N-B N
 5  VEH:O-T U
 5  VEH:Q-P U
 5  VEH:V-J U
 7  VEE:V-P N
 5  VEH:W-B U

CHECKING LETTER: N

  A  B  C  D  E  F  G  H  I  J  K  L  M  N  O  P  Q  R  S  T  U  V  W  X  Y  Z
A 0  0  0  0 -1  0  0  0  0  0  0  0  0 -1  0  0  0  0  0  0  0  0  0  0  0  0 
B 0  0  0  0 -1  0  0  0  0  0  0  0  0 -1  0  0  0  0  0  0 -1  0  0  0  0  0 
C 0  0  0  0 -1  0  0  0  0  0  0  0  0 -1  0  0  0  0  0  0 -1  0  0  0  0  0 
D 0  0  0  0 -1  0  0  0  0  0  0  0  0  0  0  0  0  0  0  0  0  0  0  0  0  0 
? 1  1  1  1  0  1  0  0  1  0  1  0  1  1  1  0  1  0  0  1  1  1  1  1  0  0 
F 0  0  0  0 -1  0  0  0  0  0  0  0  0 -1  0  0  0  0  0  0 -1  0  0  0  0  0 
G 0  0  0  0  0  0  0  0  0  0  0  0  0 -1  0  0  0  0  0  0 -1  0  0  0  0  0 
H 0  0  0  0  0  0  0  0  0  0  0  0  0 -1  0  0  0  0  0  0 -1  0  0  0  0  0 
I 0  0  0  0 -1  0  0  0  0  0  0  0  0 -1  0  0  0  0  0  0 -1  0  0  0  0  0 
J 0  0  0  0  0  0  0  0  0  0  0  0  0 -1  0  0  0  0  0  0 -1  0  0  0  0  0 
K 0  0  0  0 -1  0  0  0  0  0  0  0  0 -1  0  0  0  0  0  0 -1  0  0  0  0  0 
L 0  0  0  0  0  0  0  0  0  0  0  0  0 -1  0  0  0  0  0  0 -1  0  0  0  0  0 
M 0  0  0  0 -1  0  0  0  0  0  0  0  0 -1  0  0  0  0  0  0 -1  0  0  0  0  0 
N 1 -1  1  0 -1 -1  1 -1 -1 -1  1 -1  1  1 -1 -1 -1 -1 -1 -1 -1 -1  0 -1 -1  1 
O 0  0  0  0 -1  0  0  0  0  0  0  0  0 -1  0  0  0  0  0  0 -1  0  0  0  0  0 
P 0  0  0  0  0  0  0  0  0  0  0  0  0 -1  0  0  0  0  0  0 -1  0  0  0  0  0 
Q 0  0  0  0 -1  0  0  0  0  0  0  0  0 -1  0  0  0  0  0  0  0  0  0  0  0  0 
R 0  0  0  0  0  0  0  0  0  0  0  0  0 -1  0  0  0  0  0  0 -1  0  0  0  0  0 
S 0  0  0  0  0  0  0  0  0  0  0  0  0 -1  0  0  0  0  0  0 -1  0  0  0  0  0 
T 0  0  0  0 -1  0  0  0  0  0  0  0  0 -1  0  0  0  0  0  0 -1  0  0  0  0  0 
U 0 -1  1  0  1 -1  1  1 -1 -1 -1  1  1 -1  1 -1  0  1 -1 -1  0  1  1  1 -1  0 
V 0  0  0  0 -1  0  0  0  0  0  0  0  0 -1  0  0  0  0  0  0 -1  0  0  0  0  0 
W 0  0  0  0 -1  0  0  0  0  0  0  0  0  0  0  0  0  0  0  0 -1  0  0  0  0  0 
X 0  0  0  0 -1  0  0  0  0  0  0  0  0 -1  0  0  0  0  0  0 -1  0  0  0  0  0 
Y 0  0  0  0  0  0  0  0  0  0  0  0  0 -1  0  0  0  0  0  0 -1  0  0  0  0  0 
Z 0  0  0  0  0  0  0  0  0  0  0  0  0 -1  0  0  0  0  0  0  0  0  0  0  0  0 

 4  VEB:B-Z E
 4  VEB:E-S E
 2  VDI:H-Z U
 4  VEB:H-R E
 4  VEB:J-P E
 2  VDI:L-A U
 4  VEB:O-Y E
 2  VDI:P-D U
 4  VEB:P-J E
 2  VDI:Q-U U
 4  VEB:R-H E
 4  VEB:S-E E
 2  VDI:U-Q U
 4  VEB:U-G E
 4  VEB:X-L E

CHECKING LETTER: U

  A  B  C  D  E  F  G  H  I  J  K  L  M  N  O  P  Q  R  S  T  U  V  W  X  Y  Z
A 0  0  0  0 -1  0  0  0  0  0  0  0  0 -1  0  0  0  0  0  0 -1  0  0  0  0  0 
B 0  0  0  0 -1  0  0  0  0  0  0  0  0 -1  0  0  0  0  0  0 -1  0  0  0  0  0 
C 0  0  0  0 -1  0  0  0  0  0  0  0  0 -1  0  0  0  0  0  0 -1  0  0  0  0  0 
D 0  0  0  0 -1  0  0  0  0  0  0  0  0  0  0  0  0  0  0  0 -1  0  0  0  0  0 
? 1  1  1  1 -1  1 -1 -1  1 -1  1 -1  1  1  1 -1  1 -1 -1  1  1  1  1  1 -1 -1 
F 0  0  0  0 -1  0  0  0  0  0  0  0  0 -1  0  0  0  0  0  0 -1  0  0  0  0  0 
G 0  0  0  0 -1  0  0  0  0  0  0  0  0 -1  0  0  0  0  0  0 -1  0  0  0  0  0 
H 0  0  0  0 -1  0  0  0  0  0  0  0  0 -1  0  0  0  0  0  0 -1  0  0  0  0  0 
I 0  0  0  0 -1  0  0  0  0  0  0  0  0 -1  0  0  0  0  0  0 -1  0  0  0  0  0 
J 0  0  0  0 -1  0  0  0  0  0  0  0  0 -1  0  0  0  0  0  0 -1  0  0  0  0  0 
K 0  0  0  0 -1  0  0  0  0  0  0  0  0 -1  0  0  0  0  0  0 -1  0  0  0  0  0 
L 0  0  0  0 -1  0  0  0  0  0  0  0  0 -1  0  0  0  0  0  0 -1  0  0  0  0  0 
M 0  0  0  0 -1  0  0  0  0  0  0  0  0 -1  0  0  0  0  0  0 -1  0  0  0  0  0 
N 1  1  1  0  1  1  1  1  1  1  1  1  1  1  1  1  1  1  1  1  1  1  0  1  1  1 
O 0  0  0  0 -1  0  0  0  0  0  0  0  0 -1  0  0  0  0  0  0 -1  0  0  0  0  0 
P 0  0  0  0 -1  0  0  0  0  0  0  0  0 -1  0  0  0  0  0  0 -1  0  0  0  0  0 
Q 0  0  0  0 -1  0  0  0  0  0  0  0  0 -1  0  0  0  0  0  0 -1  0  0  0  0  0 
R 0  0  0  0 -1  0  0  0  0  0  0  0  0 -1  0  0  0  0  0  0 -1  0  0  0  0  0 
S 0  0  0  0 -1  0  0  0  0  0  0  0  0 -1  0  0  0  0  0  0 -1  0  0  0  0  0 
T 0  0  0  0 -1  0  0  0  0  0  0  0  0 -1  0  0  0  0  0  0 -1  0  0  0  0  0 
U-1 -1  1 -1  1 -1  1  1 -1 -1 -1  1  1 -1  1 -1 -1  1 -1 -1 -1  1  1  1 -1 -1 
V 0  0  0  0 -1  0  0  0  0  0  0  0  0 -1  0  0  0  0  0  0 -1  0  0  0  0  0 
W 0  0  0  0 -1  0  0  0  0  0  0  0  0  0  0  0  0  0  0  0 -1  0  0  0  0  0 
X 0  0  0  0 -1  0  0  0  0  0  0  0  0 -1  0  0  0  0  0  0 -1  0  0  0  0  0 
Y 0  0  0  0 -1  0  0  0  0  0  0  0  0 -1  0  0  0  0  0  0 -1  0  0  0  0  0 
Z 0  0  0  0 -1  0  0  0  0  0  0  0  0 -1  0  0  0  0  0  0 -1  0  0  0  0  0 

 3  VEG:I-W N
 1  VDB:P-D N

CHECKING LETTER: E

  A  B  C  D  E  F  G  H  I  J  K  L  M  N  O  P  Q  R  S  T  U  V  W  X  Y  Z
A 0  0  0  0 -1  0  0  0  0  0  0  0  0 -1  0  0  0  0  0  0 -1  0  0  0  0  0 
B 0  0  0  0 -1  0  0  0  0  0  0  0  0 -1  0  0  0  0  0  0 -1  0  0  0  0  0 
C 0  0  0  0 -1  0  0  0  0  0  0  0  0 -1  0  0  0  0  0  0 -1  0  0  0  0  0 
D 0  0  0  0 -1  0  0  0  0  0  0  0  0 -1  0  0  0  0  0  0 -1  0  0  0  0  0 
? 1  1  1  1 -1  1 -1 -1  1 -1  1 -1  1  1  1 -1  1 -1 -1  1  1  1  1  1 -1 -1 
F 0  0  0  0 -1  0  0  0  0  0  0  0  0 -1  0  0  0  0  0  0 -1  0  0  0  0  0 
G 0  0  0  0 -1  0  0  0  0  0  0  0  0 -1  0  0  0  0  0  0 -1  0  0  0  0  0 
H 0  0  0  0 -1  0  0  0  0  0  0  0  0 -1  0  0  0  0  0  0 -1  0  0  0  0  0 
I 0  0  0  0 -1  0  0  0  0  0  0  0  0 -1  0  0  0  0  0  0 -1  0  0  0  0  0 
J 0  0  0  0 -1  0  0  0  0  0  0  0  0 -1  0  0  0  0  0  0 -1  0  0  0  0  0 
K 0  0  0  0 -1  0  0  0  0  0  0  0  0 -1  0  0  0  0  0  0 -1  0  0  0  0  0 
L 0  0  0  0 -1  0  0  0  0  0  0  0  0 -1  0  0  0  0  0  0 -1  0  0  0  0  0 
M 0  0  0  0 -1  0  0  0  0  0  0  0  0 -1  0  0  0  0  0  0 -1  0  0  0  0  0 
N 1  1  1 -1  1  1  1  1  1  1  1  1  1  1  1  1  1  1  1  1  1  1 -1  1  1  1 
O 0  0  0  0 -1  0  0  0  0  0  0  0  0 -1  0  0  0  0  0  0 -1  0  0  0  0  0 
P 0  0  0  0 -1  0  0  0  0  0  0  0  0 -1  0  0  0  0  0  0 -1  0  0  0  0  0 
Q 0  0  0  0 -1  0  0  0  0  0  0  0  0 -1  0  0  0  0  0  0 -1  0  0  0  0  0 
R 0  0  0  0 -1  0  0  0  0  0  0  0  0 -1  0  0  0  0  0  0 -1  0  0  0  0  0 
S 0  0  0  0 -1  0  0  0  0  0  0  0  0 -1  0  0  0  0  0  0 -1  0  0  0  0  0 
T 0  0  0  0 -1  0  0  0  0  0  0  0  0 -1  0  0  0  0  0  0 -1  0  0  0  0  0 
U 1  1  1  1  1  1  1  1  1  1  1  1  1  1  1  1  1  1  1  1  1  1  1  1  1  1 
V 0  0  0  0 -1  0  0  0  0  0  0  0  0 -1  0  0  0  0  0  0 -1  0  0  0  0  0 
W 0  0  0  0 -1  0  0  0  0  0  0  0  0 -1  0  0  0  0  0  0 -1  0  0  0  0  0 
X 0  0  0  0 -1  0  0  0  0  0  0  0  0 -1  0  0  0  0  0  0 -1  0  0  0  0  0 
Y 0  0  0  0 -1  0  0  0  0  0  0  0  0 -1  0  0  0  0  0  0 -1  0  0  0  0  0 
Z 0  0  0  0 -1  0  0  0  0  0  0  0  0 -1  0  0  0  0  0  0 -1  0  0  0  0  0 


CHECKING LETTER: N

  A  B  C  D  E  F  G  H  I  J  K  L  M  N  O  P  Q  R  S  T  U  V  W  X  Y  Z
A 0  0  0  0 -1  0  0  0  0  0  0  0  0 -1  0  0  0  0  0  0 -1  0  0  0  0  0 
B 0  0  0  0 -1  0  0  0  0  0  0  0  0 -1  0  0  0  0  0  0 -1  0  0  0  0  0 
C 0  0  0  0 -1  0  0  0  0  0  0  0  0 -1  0  0  0  0  0  0 -1  0  0  0  0  0 
D 0  0  0  0 -1  0  0  0  0  0  0  0  0 -1  0  0  0  0  0  0 -1  0  0  0  0  0 
? 1  1  1  1  1  1  1  1  1  1  1  1  1  1  1  1  1  1  1  1  1  1  1  1  1  1 
F 0  0  0  0 -1  0  0  0  0  0  0  0  0 -1  0  0  0  0  0  0 -1  0  0  0  0  0 
G 0  0  0  0 -1  0  0  0  0  0  0  0  0 -1  0  0  0  0  0  0 -1  0  0  0  0  0 
H 0  0  0  0 -1  0  0  0  0  0  0  0  0 -1  0  0  0  0  0  0 -1  0  0  0  0  0 
I 0  0  0  0 -1  0  0  0  0  0  0  0  0 -1  0  0  0  0  0  0 -1  0  0  0  0  0 
J 0  0  0  0 -1  0  0  0  0  0  0  0  0 -1  0  0  0  0  0  0 -1  0  0  0  0  0 
K 0  0  0  0 -1  0  0  0  0  0  0  0  0 -1  0  0  0  0  0  0 -1  0  0  0  0  0 
L 0  0  0  0 -1  0  0  0  0  0  0  0  0 -1  0  0  0  0  0  0 -1  0  0  0  0  0 
M 0  0  0  0 -1  0  0  0  0  0  0  0  0 -1  0  0  0  0  0  0 -1  0  0  0  0  0 
N 1  1  1 -1  1  1  1  1  1  1  1  1  1  1  1  1  1  1  1  1  1  1 -1  1  1  1 
O 0  0  0  0 -1  0  0  0  0  0  0  0  0 -1  0  0  0  0  0  0 -1  0  0  0  0  0 
P 0  0  0  0 -1  0  0  0  0  0  0  0  0 -1  0  0  0  0  0  0 -1  0  0  0  0  0 
Q 0  0  0  0 -1  0  0  0  0  0  0  0  0 -1  0  0  0  0  0  0 -1  0  0  0  0  0 
R 0  0  0  0 -1  0  0  0  0  0  0  0  0 -1  0  0  0  0  0  0 -1  0  0  0  0  0 
S 0  0  0  0 -1  0  0  0  0  0  0  0  0 -1  0  0  0  0  0  0 -1  0  0  0  0  0 
T 0  0  0  0 -1  0  0  0  0  0  0  0  0 -1  0  0  0  0  0  0 -1  0  0  0  0  0 
U 1  1  1  1  1  1  1  1  1  1  1  1  1  1  1  1  1  1  1  1  1  1  1  1  1  1 
V 0  0  0  0 -1  0  0  0  0  0  0  0  0 -1  0  0  0  0  0  0 -1  0  0  0  0  0 
W 0  0  0  0 -1  0  0  0  0  0  0  0  0 -1  0  0  0  0  0  0 -1  0  0  0  0  0 
X 0  0  0  0 -1  0  0  0  0  0  0  0  0 -1  0  0  0  0  0  0 -1  0  0  0  0  0 
Y 0  0  0  0 -1  0  0  0  0  0  0  0  0 -1  0  0  0  0  0  0 -1  0  0  0  0  0 
Z 0  0  0  0 -1  0  0  0  0  0  0  0  0 -1  0  0  0  0  0  0 -1  0  0  0  0  0 


CHECKING LETTER: U

  A  B  C  D  E  F  G  H  I  J  K  L  M  N  O  P  Q  R  S  T  U  V  W  X  Y  Z
A 0  0  0  0 -1  0  0  0  0  0  0  0  0 -1  0  0  0  0  0  0 -1  0  0  0  0  0 
B 0  0  0  0 -1  0  0  0  0  0  0  0  0 -1  0  0  0  0  0  0 -1  0  0  0  0  0 
C 0  0  0  0 -1  0  0  0  0  0  0  0  0 -1  0  0  0  0  0  0 -1  0  0  0  0  0 
D 0  0  0  0 -1  0  0  0  0  0  0  0  0 -1  0  0  0  0  0  0 -1  0  0  0  0  0 
? 1  1  1  1  1  1  1  1  1  1  1  1  1  1  1  1  1  1  1  1  1  1  1  1  1  1 
F 0  0  0  0 -1  0  0  0  0  0  0  0  0 -1  0  0  0  0  0  0 -1  0  0  0  0  0 
G 0  0  0  0 -1  0  0  0  0  0  0  0  0 -1  0  0  0  0  0  0 -1  0  0  0  0  0 
H 0  0  0  0 -1  0  0  0  0  0  0  0  0 -1  0  0  0  0  0  0 -1  0  0  0  0  0 
I 0  0  0  0 -1  0  0  0  0  0  0  0  0 -1  0  0  0  0  0  0 -1  0  0  0  0  0 
J 0  0  0  0 -1  0  0  0  0  0  0  0  0 -1  0  0  0  0  0  0 -1  0  0  0  0  0 
K 0  0  0  0 -1  0  0  0  0  0  0  0  0 -1  0  0  0  0  0  0 -1  0  0  0  0  0 
L 0  0  0  0 -1  0  0  0  0  0  0  0  0 -1  0  0  0  0  0  0 -1  0  0  0  0  0 
M 0  0  0  0 -1  0  0  0  0  0  0  0  0 -1  0  0  0  0  0  0 -1  0  0  0  0  0 
N 1  1  1  1  1  1  1  1  1  1  1  1  1  1  1  1  1  1  1  1  1  1  1  1  1  1 
O 0  0  0  0 -1  0  0  0  0  0  0  0  0 -1  0  0  0  0  0  0 -1  0  0  0  0  0 
P 0  0  0  0 -1  0  0  0  0  0  0  0  0 -1  0  0  0  0  0  0 -1  0  0  0  0  0 
Q 0  0  0  0 -1  0  0  0  0  0  0  0  0 -1  0  0  0  0  0  0 -1  0  0  0  0  0 
R 0  0  0  0 -1  0  0  0  0  0  0  0  0 -1  0  0  0  0  0  0 -1  0  0  0  0  0 
S 0  0  0  0 -1  0  0  0  0  0  0  0  0 -1  0  0  0  0  0  0 -1  0  0  0  0  0 
T 0  0  0  0 -1  0  0  0  0  0  0  0  0 -1  0  0  0  0  0  0 -1  0  0  0  0  0 
U 1  1  1  1  1  1  1  1  1  1  1  1  1  1  1  1  1  1  1  1  1  1  1  1  1  1 
V 0  0  0  0 -1  0  0  0  0  0  0  0  0 -1  0  0  0  0  0  0 -1  0  0  0  0  0 
W 0  0  0  0 -1  0  0  0  0  0  0  0  0 -1  0  0  0  0  0  0 -1  0  0  0  0  0 
X 0  0  0  0 -1  0  0  0  0  0  0  0  0 -1  0  0  0  0  0  0 -1  0  0  0  0  0 
Y 0  0  0  0 -1  0  0  0  0  0  0  0  0 -1  0  0  0  0  0  0 -1  0  0  0  0  0 
Z 0  0  0  0 -1  0  0  0  0  0  0  0  0 -1  0  0  0  0  0  0 -1  0  0  0  0  0 


CHECKING LETTER: E

  A  B  C  D  E  F  G  H  I  J  K  L  M  N  O  P  Q  R  S  T  U  V  W  X  Y  Z
A 0  0  0  0 -1  0  0  0  0  0  0  0  0 -1  0  0  0  0  0  0 -1  0  0  0  0  0 
B 0  0  0  0 -1  0  0  0  0  0  0  0  0 -1  0  0  0  0  0  0 -1  0  0  0  0  0 
C 0  0  0  0 -1  0  0  0  0  0  0  0  0 -1  0  0  0  0  0  0 -1  0  0  0  0  0 
D 0  0  0  0 -1  0  0  0  0  0  0  0  0 -1  0  0  0  0  0  0 -1  0  0  0  0  0 
? 1  1  1  1  1  1  1  1  1  1  1  1  1  1  1  1  1  1  1  1  1  1  1  1  1  1 
F 0  0  0  0 -1  0  0  0  0  0  0  0  0 -1  0  0  0  0  0  0 -1  0  0  0  0  0 
G 0  0  0  0 -1  0  0  0  0  0  0  0  0 -1  0  0  0  0  0  0 -1  0  0  0  0  0 
H 0  0  0  0 -1  0  0  0  0  0  0  0  0 -1  0  0  0  0  0  0 -1  0  0  0  0  0 
I 0  0  0  0 -1  0  0  0  0  0  0  0  0 -1  0  0  0  0  0  0 -1  0  0  0  0  0 
J 0  0  0  0 -1  0  0  0  0  0  0  0  0 -1  0  0  0  0  0  0 -1  0  0  0  0  0 
K 0  0  0  0 -1  0  0  0  0  0  0  0  0 -1  0  0  0  0  0  0 -1  0  0  0  0  0 
L 0  0  0  0 -1  0  0  0  0  0  0  0  0 -1  0  0  0  0  0  0 -1  0  0  0  0  0 
M 0  0  0  0 -1  0  0  0  0  0  0  0  0 -1  0  0  0  0  0  0 -1  0  0  0  0  0 
N 1  1  1  1  1  1  1  1  1  1  1  1  1  1  1  1  1  1  1  1  1  1  1  1  1  1 
O 0  0  0  0 -1  0  0  0  0  0  0  0  0 -1  0  0  0  0  0  0 -1  0  0  0  0  0 
P 0  0  0  0 -1  0  0  0  0  0  0  0  0 -1  0  0  0  0  0  0 -1  0  0  0  0  0 
Q 0  0  0  0 -1  0  0  0  0  0  0  0  0 -1  0  0  0  0  0  0 -1  0  0  0  0  0 
R 0  0  0  0 -1  0  0  0  0  0  0  0  0 -1  0  0  0  0  0  0 -1  0  0  0  0  0 
S 0  0  0  0 -1  0  0  0  0  0  0  0  0 -1  0  0  0  0  0  0 -1  0  0  0  0  0 
T 0  0  0  0 -1  0  0  0  0  0  0  0  0 -1  0  0  0  0  0  0 -1  0  0  0  0  0 
U 1  1  1  1  1  1  1  1  1  1  1  1  1  1  1  1  1  1  1  1  1  1  1  1  1  1 
V 0  0  0  0 -1  0  0  0  0  0  0  0  0 -1  0  0  0  0  0  0 -1  0  0  0  0  0 
W 0  0  0  0 -1  0  0  0  0  0  0  0  0 -1  0  0  0  0  0  0 -1  0  0  0  0  0 
X 0  0  0  0 -1  0  0  0  0  0  0  0  0 -1  0  0  0  0  0  0 -1  0  0  0  0  0 
Y 0  0  0  0 -1  0  0  0  0  0  0  0  0 -1  0  0  0  0  0  0 -1  0  0  0  0  0 
Z 0  0  0  0 -1  0  0  0  0  0  0  0  0 -1  0  0  0  0  0  0 -1  0  0  0  0  0 



INDICATOR: CVQ
SCRAMBLERS: 
WDB WDI WEG WEB WEH WDF WEE      
CHECKING LETTER: E

  A  B  C  D  E  F  G  H  I  J  K  L  M  N  O  P  Q  R  S  T  U  V  W  X  Y  Z
A 0  0  0  0 -1  0  0  0  0  0  0  0  0  0  0  0  0  0  0  0  0  0  0  0  0  0 
B 0  0  0  0  0  0  0  0  0  0  0  0  0  0  0  0  0  0  0  0  0  0  0  0  0  0 
C 0  0  0  0  0  0  0  0  0  0  0  0  0  0  0  0  0  0  0  0  0  0  0  0  0  0 
D 0  0  0  0  0  0  0  0  0  0  0  0  0  0  0  0  0  0  0  0  0  0  0  0  0  0 
?-1  0  0  0  0  0  0  0  0  0  0  0  0  0  0  0  0  0  0  0  0  0  0  0  0  0 
F 0  0  0  0  0  0  0  0  0  0  0  0  0  0  0  0  0  0  0  0  0  0  0  0  0  0 
G 0  0  0  0  0  0  0  0  0  0  0  0  0  0  0  0  0  0  0  0  0  0  0  0  0  0 
H 0  0  0  0  0  0  0  0  0  0  0  0  0  0  0  0  0  0  0  0  0  0  0  0  0  0 
I 0  0  0  0  0  0  0  0  0  0  0  0  0  0  0  0  0  0  0  0  0  0  0  0  0  0 
J 0  0  0  0  0  0  0  0  0  0  0  0  0  0  0  0  0  0  0  0  0  0  0  0  0  0 
K 0  0  0  0  0  0  0  0  0  0  0  0  0  0  0  0  0  0  0  0  0  0  0  0  0  0 
L 0  0  0  0  0  0  0  0  0  0  0  0  0  0  0  0  0  0  0  0  0  0  0  0  0  0 
M 0  0  0  0  0  0  0  0  0  0  0  0  0  0  0  0  0  0  0  0  0  0  0  0  0  0 
N 0  0  0  0  0  0  0  0  0  0  0  0  0  0  0  0  0  0  0  0  0  0  0  0  0  0 
O 0  0  0  0  0  0  0  0  0  0  0  0  0  0  0  0  0  0  0  0  0  0  0  0  0  0 
P 0  0  0  0  0  0  0  0  0  0  0  0  0  0  0  0  0  0  0  0  0  0  0  0  0  0 
Q 0  0  0  0  0  0  0  0  0  0  0  0  0  0  0  0  0  0  0  0  0  0  0  0  0  0 
R 0  0  0  0  0  0  0  0  0  0  0  0  0  0  0  0  0  0  0  0  0  0  0  0  0  0 
S 0  0  0  0  0  0  0  0  0  0  0  0  0  0  0  0  0  0  0  0  0  0  0  0  0  0 
T 0  0  0  0  0  0  0  0  0  0  0  0  0  0  0  0  0  0  0  0  0  0  0  0  0  0 
U 0  0  0  0  0  0  0  0  0  0  0  0  0  0  0  0  0  0  0  0  0  0  0  0  0  0 
V 0  0  0  0  0  0  0  0  0  0  0  0  0  0  0  0  0  0  0  0  0  0  0  0  0  0 
W 0  0  0  0  0  0  0  0  0  0  0  0  0  0  0  0  0  0  0  0  0  0  0  0  0  0 
X 0  0  0  0  0  0  0  0  0  0  0  0  0  0  0  0  0  0  0  0  0  0  0  0  0  0 
Y 0  0  0  0  0  0  0  0  0  0  0  0  0  0  0  0  0  0  0  0  0  0  0  0  0  0 
Z 0  0  0  0  0  0  0  0  0  0  0  0  0  0  0  0  0  0  0  0  0  0  0  0  0  0 

 5  WEH:A-S U
 7  WEE:A-C N

CHECKING LETTER: N

  A  B  C  D  E  F  G  H  I  J  K  L  M  N  O  P  Q  R  S  T  U  V  W  X  Y  Z
A 0  0  0  0 -1  0  0  0  0  0  0  0  0  0  0  0  0  0  0  0  0  0  0  0  0  0 
B 0  0  0  0  0  0  0  0  0  0  0  0  0  0  0  0  0  0  0  0  0  0  0  0  0  0 
C 0  0  0  0  0  0  0  0  0  0  0  0  0 -1  0  0  0  0  0  0  0  0  0  0  0  0 
D 0  0  0  0  0  0  0  0  0  0  0  0  0  0  0  0  0  0  0  0  0  0  0  0  0  0 
? 1  0  0  0  0  0  0  0  0  0  0  0  0  0  0  0  0  0  0  0  0  0  0  0  0  0 
F 0  0  0  0  0  0  0  0  0  0  0  0  0  0  0  0  0  0  0  0  0  0  0  0  0  0 
G 0  0  0  0  0  0  0  0  0  0  0  0  0  0  0  0  0  0  0  0  0  0  0  0  0  0 
H 0  0  0  0  0  0  0  0  0  0  0  0  0  0  0  0  0  0  0  0  0  0  0  0  0  0 
I 0  0  0  0  0  0  0  0  0  0  0  0  0  0  0  0  0  0  0  0  0  0  0  0  0  0 
J 0  0  0  0  0  0  0  0  0  0  0  0  0  0  0  0  0  0  0  0  0  0  0  0  0  0 
K 0  0  0  0  0  0  0  0  0  0  0  0  0  0  0  0  0  0  0  0  0  0  0  0  0  0 
L 0  0  0  0  0  0  0  0  0  0  0  0  0  0  0  0  0  0  0  0  0  0  0  0  0  0 
M 0  0  0  0  0  0  0  0  0  0  0  0  0  0  0  0  0  0  0  0  0  0  0  0  0  0 
N 0  0 -1  0  0  0  0  0  0  0  0  0  0  0  0  0  0  0  0  0  0  0  0  0  0  0 
O 0  0  0  0  0  0  0  0  0  0  0  0  0  0  0  0  0  0  0  0  0  0  0  0  0  0 
P 0  0  0  0  0  0  0  0  0  0  0  0  0  0  0  0  0  0  0  0  0  0  0  0  0  0 
Q 0  0  0  0  0  0  0  0  0  0  0  0  0  0  0  0  0  0  0  0  0  0  0  0  0  0 
R 0  0  0  0  0  0  0  0  0  0  0  0  0  0  0  0  0  0  0  0  0  0  0  0  0  0 
S 0  0  0  0  0  0  0  0  0  0  0  0  0  0  0  0  0  0  0  0 -1  0  0  0  0  0 
T 0  0  0  0  0  0  0  0  0  0  0  0  0  0  0  0  0  0  0  0  0  0  0  0  0  0 
U 0  0  0  0  0  0  0  0  0  0  0  0  0  0  0  0  0  0 -1  0  0  0  0  0  0  0 
V 0  0  0  0  0  0  0  0  0  0  0  0  0  0  0  0  0  0  0  0  0  0  0  0  0  0 
W 0  0  0  0  0  0  0  0  0  0  0  0  0  0  0  0  0  0  0  0  0  0  0  0  0  0 
X 0  0  0  0  0  0  0  0  0  0  0  0  0  0  0  0  0  0  0  0  0  0  0  0  0  0 
Y 0  0  0  0  0  0  0  0  0  0  0  0  0  0  0  0  0  0  0  0  0  0  0  0  0  0 
Z 0  0  0  0  0  0  0  0  0  0  0  0  0  0  0  0  0  0  0  0  0  0  0  0  0  0 

 2  WDI:C-T U

CHECKING LETTER: U

  A  B  C  D  E  F  G  H  I  J  K  L  M  N  O  P  Q  R  S  T  U  V  W  X  Y  Z
A 0  0  0  0 -1  0  0  0  0  0  0  0  0  0  0  0  0  0  0  0  0  0  0  0  0  0 
B 0  0  0  0  0  0  0  0  0  0  0  0  0  0  0  0  0  0  0  0  0  0  0  0  0  0 
C 0  0  0  0  0  0  0  0  0  0  0  0  0 -1  0  0  0  0  0  0  0  0  0  0  0  0 
D 0  0  0  0  0  0  0  0  0  0  0  0  0  0  0  0  0  0  0  0  0  0  0  0  0  0 
? 1  0  0  0  0  0  0  0  0  0  0  0  0  0  0  0  0  0  0  0  0  0  0  0  0  0 
F 0  0  0  0  0  0  0  0  0  0  0  0  0  0  0  0  0  0  0  0  0  0  0  0  0  0 
G 0  0  0  0  0  0  0  0  0  0  0  0  0  0  0  0  0  0  0  0  0  0  0  0  0  0 
H 0  0  0  0  0  0  0  0  0  0  0  0  0  0  0  0  0  0  0  0  0  0  0  0  0  0 
I 0  0  0  0  0  0  0  0  0  0  0  0  0  0  0  0  0  0  0  0  0  0  0  0  0  0 
J 0  0  0  0  0  0  0  0  0  0  0  0  0  0  0  0  0  0  0  0  0  0  0  0  0  0 
K 0  0  0  0  0  0  0  0  0  0  0  0  0  0  0  0  0  0  0  0  0  0  0  0  0  0 
L 0  0  0  0  0  0  0  0  0  0  0  0  0  0  0  0  0  0  0  0  0  0  0  0  0  0 
M 0  0  0  0  0  0  0  0  0  0  0  0  0  0  0  0  0  0  0  0  0  0  0  0  0  0 
N 0  0  1  0  0  0  0  0  0  0  0  0  0  0  0  0  0  0  0  0  0  0  0  0  0  0 
O 0  0  0  0  0  0  0  0  0  0  0  0  0  0  0  0  0  0  0  0  0  0  0  0  0  0 
P 0  0  0  0  0  0  0  0  0  0  0  0  0  0  0  0  0  0  0  0  0  0  0  0  0  0 
Q 0  0  0  0  0  0  0  0  0  0  0  0  0  0  0  0  0  0  0  0  0  0  0  0  0  0 
R 0  0  0  0  0  0  0  0  0  0  0  0  0  0  0  0  0  0  0  0  0  0  0  0  0  0 
S 0  0  0  0  0  0  0  0  0  0  0  0  0  0  0  0  0  0  0  0 -1  0  0  0  0  0 
T 0  0  0  0  0  0  0  0  0  0  0  0  0  0  0  0  0  0  0  0 -1  0  0  0  0  0 
U 0  0  0  0  0  0  0  0  0  0  0  0  0  0  0  0  0  0 -1 -1  0  0  0  0  0  0 
V 0  0  0  0  0  0  0  0  0  0  0  0  0  0  0  0  0  0  0  0  0  0  0  0  0  0 
W 0  0  0  0  0  0  0  0  0  0  0  0  0  0  0  0  0  0  0  0  0  0  0  0  0  0 
X 0  0  0  0  0  0  0  0  0  0  0  0  0  0  0  0  0  0  0  0  0  0  0  0  0  0 
Y 0  0  0  0  0  0  0  0  0  0  0  0  0  0  0  0  0  0  0  0  0  0  0  0  0  0 
Z 0  0  0  0  0  0  0  0  0  0  0  0  0  0  0  0  0  0  0  0  0  0  0  0  0  0 

 3  WEG:S-P N
 1  WDB:S-G N
 6  WDF:S-Y E
 3  WEG:T-K N
 1  WDB:T-R N
 6  WDF:T-V E

CHECKING LETTER: E

  A  B  C  D  E  F  G  H  I  J  K  L  M  N  O  P  Q  R  S  T  U  V  W  X  Y  Z
A 0  0  0  0 -1  0  0  0  0  0  0  0  0  0  0  0  0  0  0  0  0  0  0  0  0  0 
B 0  0  0  0  0  0  0  0  0  0  0  0  0  0  0  0  0  0  0  0  0  0  0  0  0  0 
C 0  0  0  0  0  0  0  0  0  0  0  0  0 -1  0  0  0  0  0  0  0  0  0  0  0  0 
D 0  0  0  0  0  0  0  0  0  0  0  0  0  0  0  0  0  0  0  0  0  0  0  0  0  0 
? 1  0  0  0  0  0  0  0  0  0  0  0  0  0  0  0  0  0  0  0  0 -1  0  0 -1  0 
F 0  0  0  0  0  0  0  0  0  0  0  0  0  0  0  0  0  0  0  0  0  0  0  0  0  0 
G 0  0  0  0  0  0  0  0  0  0  0  0  0 -1  0  0  0  0  0  0  0  0  0  0  0  0 
H 0  0  0  0  0  0  0  0  0  0  0  0  0  0  0  0  0  0  0  0  0  0  0  0  0  0 
I 0  0  0  0  0  0  0  0  0  0  0  0  0  0  0  0  0  0  0  0  0  0  0  0  0  0 
J 0  0  0  0  0  0  0  0  0  0  0  0  0  0  0  0  0  0  0  0  0  0  0  0  0  0 
K 0  0  0  0  0  0  0  0  0  0  0  0  0 -1  0  0  0  0  0  0  0  0  0  0  0  0 
L 0  0  0  0  0  0  0  0  0  0  0  0  0  0  0  0  0  0  0  0  0  0  0  0  0  0 
M 0  0  0  0  0  0  0  0  0  0  0  0  0  0  0  0  0  0  0  0  0  0  0  0  0  0 
N 0  0  1  0  0  0 -1  0  0  0 -1  0  0  0  0 -1  0 -1  0  0  0  0  0  0  0  0 
O 0  0  0  0  0  0  0  0  0  0  0  0  0  0  0  0  0  0  0  0  0  0  0  0  0  0 
P 0  0  0  0  0  0  0  0  0  0  0  0  0 -1  0  0  0  0  0  0  0  0  0  0  0  0 
Q 0  0  0  0  0  0  0  0  0  0  0  0  0  0  0  0  0  0  0  0  0  0  0  0  0  0 
R 0  0  0  0  0  0  0  0  0  0  0  0  0 -1  0  0  0  0  0  0  0  0  0  0  0  0 
S 0  0  0  0  0  0  0  0  0  0  0  0  0  0  0  0  0  0  0  0 -1  0  0  0  0  0 
T 0  0  0  0  0  0  0  0  0  0  0  0  0  0  0  0  0  0  0  0 -1  0  0  0  0  0 
U 0  0  0  0  0  0  0  0  0  0  0  0  0  0  0  0  0  0  1  1  0  0  0  0  0  0 
V 0  0  0  0 -1  0  0  0  0  0  0  0  0  0  0  0  0  0  0  0  0  0  0  0  0  0 
W 0  0  0  0  0  0  0  0  0  0  0  0  0  0  0  0  0  0  0  0  0  0  0  0  0  0 
X 0  0  0  0  0  0  0  0  0  0  0  0  0  0  0  0  0  0  0  0  0  0  0  0  0  0 
Y 0  0  0  0 -1  0  0  0  0  0  0  0  0  0  0  0  0  0  0  0  0  0  0  0  0  0 
Z 0  0  0  0  0  0  0  0  0  0  0  0  0  0  0  0  0  0  0  0  0  0  0  0  0  0 

 5  WEH:V-C U
 7  WEE:V-L N
 5  WEH:Y-X U
 7  WEE:Y-U N

CHECKING LETTER: N

  A  B  C  D  E  F  G  H  I  J  K  L  M  N  O  P  Q  R  S  T  U  V  W  X  Y  Z
A 0  0  0  0 -1  0  0  0  0  0  0  0  0  0  0  0  0  0  0  0  0  0  0  0  0  0 
B 0  0  0  0  0  0  0  0  0  0  0  0  0  0  0  0  0  0  0  0  0  0  0  0  0  0 
C 0  0  0  0  0  0  0  0  0  0  0  0  0 -1  0  0  0  0  0  0 -1  0  0  0  0  0 
D 0  0  0  0  0  0  0  0  0  0  0  0  0  0  0  0  0  0  0  0  0  0  0  0  0  0 
? 1  0  0  0  0  0  0  0  0  0  0  0  0  0  0  0  0  0  0  0  0  1  0  0  1  0 
F 0  0  0  0  0  0  0  0  0  0  0  0  0  0  0  0  0  0  0  0  0  0  0  0  0  0 
G 0  0  0  0  0  0  0  0  0  0  0  0  0 -1  0  0  0  0  0  0  0  0  0  0  0  0 
H 0  0  0  0  0  0  0  0  0  0  0  0  0  0  0  0  0  0  0  0  0  0  0  0  0  0 
I 0  0  0  0  0  0  0  0  0  0  0  0  0  0  0  0  0  0  0  0  0  0  0  0  0  0 
J 0  0  0  0  0  0  0  0  0  0  0  0  0  0  0  0  0  0  0  0  0  0  0  0  0  0 
K 0  0  0  0  0  0  0  0  0  0  0  0  0 -1  0  0  0  0  0  0  0  0  0  0  0  0 
L 0  0  0  0  0  0  0  0  0  0  0  0  0 -1  0  0  0  0  0  0  0  0  0  0  0  0 
M 0  0  0  0  0  0  0  0  0  0  0  0  0  0  0  0  0  0  0  0  0  0  0  0  0  0 
N 0  0  1  0  0  0 -1  0  0  0 -1 -1  0  0  0 -1  0 -1  0  0 -1  0  0  0  0  0 
O 0  0  0  0  0  0  0  0  0  0  0  0  0  0  0  0  0  0  0  0  0  0  0  0  0  0 
P 0  0  0  0  0  0  0  0  0  0  0  0  0 -1  0  0  0  0  0  0  0  0  0  0  0  0 
Q 0  0  0  0  0  0  0  0  0  0  0  0  0  0  0  0  0  0  0  0  0  0  0  0  0  0 
R 0  0  0  0  0  0  0  0  0  0  0  0  0 -1  0  0  0  0  0  0  0  0  0  0  0  0 
S 0  0  0  0  0  0  0  0  0  0  0  0  0  0  0  0  0  0  0  0 -1  0  0  0  0  0 
T 0  0  0  0  0  0  0  0  0  0  0  0  0  0  0  0  0  0  0  0 -1  0  0  0  0  0 
U 0  0 -1  0  0  0  0  0  0  0  0  0  0 -1  0  0  0  0  1  1  0  0  0 -1  0  0 
V 0  0  0  0 -1  0  0  0  0  0  0  0  0  0  0  0  0  0  0  0  0  0  0  0  0  0 
W 0  0  0  0  0  0  0  0  0  0  0  0  0  0  0  0  0  0  0  0  0  0  0  0  0  0 
X 0  0  0  0  0  0  0  0  0  0  0  0  0  0  0  0  0  0  0  0 -1  0  0  0  0  0 
Y 0  0  0  0 -1  0  0  0  0  0  0  0  0  0  0  0  0  0  0  0  0  0  0  0  0  0 
Z 0  0  0  0  0  0  0  0  0  0  0  0  0  0  0  0  0  0  0  0  0  0  0  0  0  0 

 4  WEB:G-Z E
 2  WDI:K-B U
 4  WEB:K-B E
 2  WDI:L-H U
 4  WEB:P-R E
 2  WDI:R-U U
 4  WEB:R-P E
 2  WDI:U-R U
 4  WEB:U-I E

CHECKING LETTER: U

  A  B  C  D  E  F  G  H  I  J  K  L  M  N  O  P  Q  R  S  T  U  V  W  X  Y  Z
A 0  0  0  0 -1  0  0  0  0  0  0  0  0  0  0  0  0  0  0  0  0  0  0  0  0  0 
B 0  0  0  0 -1  0  0  0  0  0  0  0  0  0  0  0  0  0  0  0 -1  0  0  0  0  0 
C 0  0  0  0  0  0  0  0  0  0  0  0  0 -1  0  0  0  0  0  0 -1  0  0  0  0  0 
D 0  0  0  0  0  0  0  0  0  0  0  0  0  0  0  0  0  0  0  0  0  0  0  0  0  0 
? 1 -1  0  0  0  0  0  0 -1  0  0  0  0  0  0 -1  0 -1  0  0  0  1  0  0  1 -1 
F 0  0  0  0  0  0  0  0  0  0  0  0  0  0  0  0  0  0  0  0  0  0  0  0  0  0 
G 0  0  0  0  0  0  0  0  0  0  0  0  0 -1  0  0  0  0  0  0  0  0  0  0  0  0 
H 0  0  0  0  0  0  0  0  0  0  0  0  0  0  0  0  0  0  0  0 -1  0  0  0  0  0 
I 0  0  0  0 -1  0  0  0  0  0  0  0  0  0  0  0  0  0  0  0  0  0  0  0  0  0 
J 0  0  0  0  0  0  0  0  0  0  0  0  0  0  0  0  0  0  0  0  0  0  0  0  0  0 
K 0  0  0  0  0  0  0  0  0  0  0  0  0 -1  0  0  0  0  0  0  0  0  0  0  0  0 
L 0  0  0  0  0  0  0  0  0  0  0  0  0 -1  0  0  0  0  0  0  0  0  0  0  0  0 
M 0  0  0  0  0  0  0  0  0  0  0  0  0  0  0  0  0  0  0  0  0  0  0  0  0  0 
N 0  0  1  0  0  0  1  0  0  0  1  1  0  0  0  1  0  1  0  0  1  0  0  0  0  0 
O 0  0  0  0  0  0  0  0  0  0  0  0  0  0  0  0  0  0  0  0  0  0  0  0  0  0 
P 0  0  0  0 -1  0  0  0  0  0  0  0  0 -1  0  0  0  0  0  0  0  0  0  0  0  0 
Q 0  0  0  0  0  0  0  0  0  0  0  0  0  0  0  0  0  0  0  0  0  0  0  0  0  0 
R 0  0  0  0 -1  0  0  0  0  0  0  0  0 -1  0  0  0  0  0  0 -1  0  0  0  0  0 
S 0  0  0  0  0  0  0  0  0  0  0  0  0  0  0  0  0  0  0  0 -1  0  0  0  0  0 
T 0  0  0  0  0  0  0  0  0  0  0  0  0  0  0  0  0  0  0  0 -1  0  0  0  0  0 
U 0 -1 -1  0  0  0  0 -1  0  0  0  0  0 -1  0  0  0 -1  1  1 -1  0  0 -1  0  0 
V 0  0  0  0 -1  0  0  0  0  0  0  0  0  0  0  0  0  0  0  0  0  0  0  0  0  0 
W 0  0  0  0  0  0  0  0  0  0  0  0  0  0  0  0  0  0  0  0  0  0  0  0  0  0 
X 0  0  0  0  0  0  0  0  0  0  0  0  0  0  0  0  0  0  0  0 -1  0  0  0  0  0 
Y 0  0  0  0 -1  0  0  0  0  0  0  0  0  0  0  0  0  0  0  0  0  0  0  0  0  0 
Z 0  0  0  0 -1  0  0  0  0  0  0  0  0  0  0  0  0  0  0  0  0  0  0  0  0  0 

 3  WEG:B-E N
 6  WDF:B-X E
 3  WEG:C-W N
 1  WDB:C-B N
 3  WEG:H-O N
 1  WDB:H-F N
 6  WDF:H-O E
 3  WEG:N-I N
 1  WDB:N-Z N
 6  WDF:N-F E
 3  WEG:R-A N
 1  WDB:R-T N
 6  WDF:R-D E
 1  WDB:U-Y N
 6  WDF:U-E E
 3  WEG:X-M N

CHECKING LETTER: E

  A  B  C  D  E  F  G  H  I  J  K  L  M  N  O  P  Q  R  S  T  U  V  W  X  Y  Z
A 0  0  0  0 -1  0  0  0  0  0  0  0  0 -1  0  0  0  0  0  0  0  0  0  0  0  0 
B 0  0  0  0 -1  0  0  0  0  0  0  0  0 -1  0  0  0  0  0  0 -1  0  0  0  0  0 
C 0  0  0  0  0  0  0  0  0  0  0  0  0 -1  0  0  0  0  0  0 -1  0  0  0  0  0 
D 0  0  0  0 -1  0  0  0  0  0  0  0  0  0  0  0  0  0  0  0  0  0  0  0  0  0 
? 1 -1  0 -1 -1 -1  0  0 -1  0  0  0  0 -1 -1 -1  0 -1  0  0  0  1  0 -1  1 -1 
F 0  0  0  0 -1  0  0  0  0  0  0  0  0 -1  0  0  0  0  0  0  0  0  0  0  0  0 
G 0  0  0  0  0  0  0  0  0  0  0  0  0 -1  0  0  0  0  0  0  0  0  0  0  0  0 
H 0  0  0  0  0  0  0  0  0  0  0  0  0  0  0  0  0  0  0  0 -1  0  0  0  0  0 
I 0  0  0  0 -1  0  0  0  0  0  0  0  0 -1  0  0  0  0  0  0  0  0  0  0  0  0 
J 0  0  0  0  0  0  0  0  0  0  0  0  0  0  0  0  0  0  0  0  0  0  0  0  0  0 
K 0  0  0  0  0  0  0  0  0  0  0  0  0 -1  0  0  0  0  0  0  0  0  0  0  0  0 
L 0  0  0  0  0  0  0  0  0  0  0  0  0 -1  0  0  0  0  0  0  0  0  0  0  0  0 
M 0  0  0  0  0  0  0  0  0  0  0  0  0 -1  0  0  0  0  0  0  0  0  0  0  0  0 
N-1 -1  1  0 -1 -1  1  0 -1  0  1  1 -1  0 -1  1  0  1  0 -1  1  0 -1  0 -1 -1 
O 0  0  0  0 -1  0  0  0  0  0  0  0  0 -1  0  0  0  0  0  0  0  0  0  0  0  0 
P 0  0  0  0 -1  0  0  0  0  0  0  0  0 -1  0  0  0  0  0  0  0  0  0  0  0  0 
Q 0  0  0  0  0  0  0  0  0  0  0  0  0  0  0  0  0  0  0  0  0  0  0  0  0  0 
R 0  0  0  0 -1  0  0  0  0  0  0  0  0 -1  0  0  0  0  0  0 -1  0  0  0  0  0 
S 0  0  0  0  0  0  0  0  0  0  0  0  0  0  0  0  0  0  0  0 -1  0  0  0  0  0 
T 0  0  0  0  0  0  0  0  0  0  0  0  0 -1  0  0  0  0  0  0 -1  0  0  0  0  0 
U 0  1  1  0  0  0  0  1  0  0  0  0  0  1  0  0  0  1  1  1  1  0  0  1  0  0 
V 0  0  0  0 -1  0  0  0  0  0  0  0  0  0  0  0  0  0  0  0  0  0  0  0  0  0 
W 0  0  0  0  0  0  0  0  0  0  0  0  0 -1  0  0  0  0  0  0  0  0  0  0  0  0 
X 0  0  0  0 -1  0  0  0  0  0  0  0  0  0  0  0  0  0  0  0 -1  0  0  0  0  0 
Y 0  0  0  0 -1  0  0  0  0  0  0  0  0 -1  0  0  0  0  0  0  0  0  0  0  0  0 
Z 0  0  0  0 -1  0  0  0  0  0  0  0  0 -1  0  0  0  0  0  0  0  0  0  0  0  0 

 5  WEH:B-F U
 5  WEH:D-Z U
 5  WEH:E-Q U
 7  WEE:F-D N
 5  WEH:N-O U
 7  WEE:N-X N
 5  WEH:R-G U
 7  WEE:R-Q N
 5  WEH:X-Y U
 7  WEE:X-N N
 5  WEH:Z-D U

CHECKING LETTER: N

  A  B  C  D  E  F  G  H  I  J  K  L  M  N  O  P  Q  R  S  T  U  V  W  X  Y  Z
A 0  0  0  0 -1  0  0  0  0  0  0  0  0 -1  0  0  0  0  0  0  0  0  0  0  0  0 
B 0  0  0  0 -1  0  0  0  0  0  0  0  0 -1  0  0  0  0  0  0 -1  0  0  0  0  0 
C 0  0  0  0  0  0  0  0  0  0  0  0  0 -1  0  0  0  0  0  0 -1  0  0  0  0  0 
D 0  0  0  0 -1  0  0  0  0  0  0  0  0 -1  0  0  0  0  0  0 -1  0  0  0  0  0 
? 1  1  0  1  1  1  0  0  1  0  0  0  0  1  1  1  0  1  0  0  0  1  0  1  1  1 
F 0  0  0  0 -1  0  0  0  0  0  0  0  0 -1  0  0  0  0  0  0 -1  0  0  0  0  0 
G 0  0  0  0  0  0  0  0  0  0  0  0  0 -1  0  0  0  0  0  0 -1  0  0  0  0  0 
H 0  0  0  0  0  0  0  0  0  0  0  0  0  0  0  0  0  0  0  0 -1  0  0  0  0  0 
I 0  0  0  0 -1  0  0  0  0  0  0  0  0 -1  0  0  0  0  0  0  0  0  0  0  0  0 
J 0  0  0  0  0  0  0  0  0  0  0  0  0  0  0  0  0  0  0  0  0  0  0  0  0  0 
K 0  0  0  0  0  0  0  0  0  0  0  0  0 -1  0  0  0  0  0  0  0  0  0  0  0  0 
L 0  0  0  0  0  0  0  0  0  0  0  0  0 -1  0  0  0  0  0  0  0  0  0  0  0  0 
M 0  0  0  0  0  0  0  0  0  0  0  0  0 -1  0  0  0  0  0  0  0  0  0  0  0  0 
N-1 -1  1 -1 -1 -1  1  0 -1  0  1  1 -1 -1 -1  1 -1  1  0 -1  1  0 -1 -1 -1 -1 
O 0  0  0  0 -1  0  0  0  0  0  0  0  0 -1  0  0  0  0  0  0 -1  0  0  0  0  0 
P 0  0  0  0 -1  0  0  0  0  0  0  0  0 -1  0  0  0  0  0  0  0  0  0  0  0  0 
Q 0  0  0  0  0  0  0  0  0  0  0  0  0 -1  0  0  0  0  0  0 -1  0  0  0  0  0 
R 0  0  0  0 -1  0  0  0  0  0  0  0  0 -1  0  0  0  0  0  0 -1  0  0  0  0  0 
S 0  0  0  0  0  0  0  0  0  0  0  0  0  0  0  0  0  0  0  0 -1  0  0  0  0  0 
T 0  0  0  0  0  0  0  0  0  0  0  0  0 -1  0  0  0  0  0  0 -1  0  0  0  0  0 
U 0  1  1 -1  0 -1 -1  1  0  0  0  0  0  1 -1  0 -1  1  1  1  1  0  0  1 -1 -1 
V 0  0  0  0 -1  0  0  0  0  0  0  0  0  0  0  0  0  0  0  0  0  0  0  0  0  0 
W 0  0  0  0  0  0  0  0  0  0  0  0  0 -1  0  0  0  0  0  0  0  0  0  0  0  0 
X 0  0  0  0 -1  0  0  0  0  0  0  0  0 -1  0  0  0  0  0  0 -1  0  0  0  0  0 
Y 0  0  0  0 -1  0  0  0  0  0  0  0  0 -1  0  0  0  0  0  0 -1  0  0  0  0  0 
Z 0  0  0  0 -1  0  0  0  0  0  0  0  0 -1  0  0  0  0  0  0 -1  0  0  0  0  0 

 4  WEB:A-C E
 2  WDI:B-K U
 4  WEB:B-K E
 2  WDI:D-I U
 4  WEB:E-J E
 2  WDI:F-E U
 4  WEB:M-W E
 2  WDI:N-P U
 4  WEB:N-H E
 2  WDI:O-A U
 4  WEB:Q-T E
 4  WEB:T-Q E
 4  WEB:W-M E
 4  WEB:X-S E
 2  WDI:Z-M U
 4  WEB:Z-G E

CHECKING LETTER: U

  A  B  C  D  E  F  G  H  I  J  K  L  M  N  O  P  Q  R  S  T  U  V  W  X  Y  Z
A 0  0  0  0 -1  0  0  0  0  0  0  0  0 -1  0  0  0  0  0  0 -1  0  0  0  0  0 
B 0  0  0  0 -1  0  0  0  0  0  0  0  0 -1  0  0  0  0  0  0 -1  0  0  0  0  0 
C 0  0  0  0 -1  0  0  0  0  0  0  0  0 -1  0  0  0  0  0  0 -1  0  0  0  0  0 
D 0  0  0  0 -1  0  0  0  0  0  0  0  0 -1  0  0  0  0  0  0 -1  0  0  0  0  0 
? 1  1 -1  1  1  1 -1 -1  1 -1 -1  0 -1  1  1  1 -1  1 -1 -1 -1  1 -1  1  1  1 
F 0  0  0  0 -1  0  0  0  0  0  0  0  0 -1  0  0  0  0  0  0 -1  0  0  0  0  0 
G 0  0  0  0 -1  0  0  0  0  0  0  0  0 -1  0  0  0  0  0  0 -1  0  0  0  0  0 
H 0  0  0  0 -1  0  0  0  0  0  0  0  0  0  0  0  0  0  0  0 -1  0  0  0  0  0 
I 0  0  0  0 -1  0  0  0  0  0  0  0  0 -1  0  0  0  0  0  0 -1  0  0  0  0  0 
J 0  0  0  0 -1  0  0  0  0  0  0  0  0  0  0  0  0  0  0  0  0  0  0  0  0  0 
K 0  0  0  0 -1  0  0  0  0  0  0  0  0 -1  0  0  0  0  0  0 -1  0  0  0  0  0 
L 0  0  0  0  0  0  0  0  0  0  0  0  0 -1  0  0  0  0  0  0  0  0  0  0  0  0 
M 0  0  0  0 -1  0  0  0  0  0  0  0  0 -1  0  0  0  0  0  0 -1  0  0  0  0  0 
N 1  1  1  1  1  1  1  0  1  0  1  1  1  1  1  1  1  1  0  1  1  0  1  1  1  1 
O 0  0  0  0 -1  0  0  0  0  0  0  0  0 -1  0  0  0  0  0  0 -1  0  0  0  0  0 
P 0  0  0  0 -1  0  0  0  0  0  0  0  0 -1  0  0  0  0  0  0 -1  0  0  0  0  0 
Q 0  0  0  0 -1  0  0  0  0  0  0  0  0 -1  0  0  0  0  0  0 -1  0  0  0  0  0 
R 0  0  0  0 -1  0  0  0  0  0  0  0  0 -1  0  0  0  0  0  0 -1  0  0  0  0  0 
S 0  0  0  0 -1  0  0  0  0  0  0  0  0  0  0  0  0  0  0  0 -1  0  0  0  0  0 
T 0  0  0  0 -1  0  0  0  0  0  0  0  0 -1  0  0  0  0  0  0 -1  0  0  0  0  0 
U-1  1  1 -1 -1 -1 -1  1 -1  0 -1  0 -1  1 -1 -1 -1  1  1  1  1  0  0  1 -1 -1 
V 0  0  0  0 -1  0  0  0  0  0  0  0  0  0  0  0  0  0  0  0  0  0  0  0  0  0 
W 0  0  0  0 -1  0  0  0  0  0  0  0  0 -1  0  0  0  0  0  0  0  0  0  0  0  0 
X 0  0  0  0 -1  0  0  0  0  0  0  0  0 -1  0  0  0  0  0  0 -1  0  0  0  0  0 
Y 0  0  0  0 -1  0  0  0  0  0  0  0  0 -1  0  0  0  0  0  0 -1  0  0  0  0  0 
Z 0  0  0  0 -1  0  0  0  0  0  0  0  0 -1  0  0  0  0  0  0 -1  0  0  0  0  0 

 1  WDB:F-H N
 1  WDB:G-S N

CHECKING LETTER: E

  A  B  C  D  E  F  G  H  I  J  K  L  M  N  O  P  Q  R  S  T  U  V  W  X  Y  Z
A 0  0  0  0 -1  0  0  0  0  0  0  0  0 -1  0  0  0  0  0  0 -1  0  0  0  0  0 
B 0  0  0  0 -1  0  0  0  0  0  0  0  0 -1  0  0  0  0  0  0 -1  0  0  0  0  0 
C 0  0  0  0 -1  0  0  0  0  0  0  0  0 -1  0  0  0  0  0  0 -1  0  0  0  0  0 
D 0  0  0  0 -1  0  0  0  0  0  0  0  0 -1  0  0  0  0  0  0 -1  0  0  0  0  0 
? 1  1 -1  1  1  1 -1 -1  1 -1 -1  0 -1  1  1  1 -1  1 -1 -1 -1  1 -1  1  1  1 
F 0  0  0  0 -1  0  0  0  0  0  0  0  0 -1  0  0  0  0  0  0 -1  0  0  0  0  0 
G 0  0  0  0 -1  0  0  0  0  0  0  0  0 -1  0  0  0  0  0  0 -1  0  0  0  0  0 
H 0  0  0  0 -1  0  0  0  0  0  0  0  0 -1  0  0  0  0  0  0 -1  0  0  0  0  0 
I 0  0  0  0 -1  0  0  0  0  0  0  0  0 -1  0  0  0  0  0  0 -1  0  0  0  0  0 
J 0  0  0  0 -1  0  0  0  0  0  0  0  0  0  0  0  0  0  0  0  0  0  0  0  0  0 
K 0  0  0  0 -1  0  0  0  0  0  0  0  0 -1  0  0  0  0  0  0 -1  0  0  0  0  0 
L 0  0  0  0  0  0  0  0  0  0  0  0  0 -1  0  0  0  0  0  0  0  0  0  0  0  0 
M 0  0  0  0 -1  0  0  0  0  0  0  0  0 -1  0  0  0  0  0  0 -1  0  0  0  0  0 
N 1  1  1  1  1  1  1 -1  1  0  1  1  1  1  1  1  1  1 -1  1  1  0  1  1  1  1 
O 0  0  0  0 -1  0  0  0  0  0  0  0  0 -1  0  0  0  0  0  0 -1  0  0  0  0  0 
P 0  0  0  0 -1  0  0  0  0  0  0  0  0 -1  0  0  0  0  0  0 -1  0  0  0  0  0 
Q 0  0  0  0 -1  0  0  0  0  0  0  0  0 -1  0  0  0  0  0  0 -1  0  0  0  0  0 
R 0  0  0  0 -1  0  0  0  0  0  0  0  0 -1  0  0  0  0  0  0 -1  0  0  0  0  0 
S 0  0  0  0 -1  0  0  0  0  0  0  0  0 -1  0  0  0  0  0  0 -1  0  0  0  0  0 
T 0  0  0  0 -1  0  0  0  0  0  0  0  0 -1  0  0  0  0  0  0 -1  0  0  0  0  0 
U 1  1  1  1  1  1  1  1  1  0  1  0  1  1  1  1  1  1  1  1  1  0  0  1  1  1 
V 0  0  0  0 -1  0  0  0  0  0  0  0  0  0  0  0  0  0  0  0  0  0  0  0  0  0 
W 0  0  0  0 -1  0  0  0  0  0  0  0  0 -1  0  0  0  0  0  0  0  0  0  0  0  0 
X 0  0  0  0 -1  0  0  0  0  0  0  0  0 -1  0  0  0  0  0  0 -1  0  0  0  0  0 
Y 0  0  0  0 -1  0  0  0  0  0  0  0  0 -1  0  0  0  0  0  0 -1  0  0  0  0  0 
Z 0  0  0  0 -1  0  0  0  0  0  0  0  0 -1  0  0  0  0  0  0 -1  0  0  0  0  0 

 5  WEH:C-V U
 5  WEH:J-L U
 7  WEE:M-J N
 5  WEH:U-W U

CHECKING LETTER: N

  A  B  C  D  E  F  G  H  I  J  K  L  M  N  O  P  Q  R  S  T  U  V  W  X  Y  Z
A 0  0  0  0 -1  0  0  0  0  0  0  0  0 -1  0  0  0  0  0  0 -1  0  0  0  0  0 
B 0  0  0  0 -1  0  0  0  0  0  0  0  0 -1  0  0  0  0  0  0 -1  0  0  0  0  0 
C 0  0  0  0 -1  0  0  0  0  0  0  0  0 -1  0  0  0  0  0  0 -1  0  0  0  0  0 
D 0  0  0  0 -1  0  0  0  0  0  0  0  0 -1  0  0  0  0  0  0 -1  0  0  0  0  0 
? 1  1  1  1  1  1  1  1  1  1  1  0  1  1  1  1  1  1  1  1  1  1  1  1  1  1 
F 0  0  0  0 -1  0  0  0  0  0  0  0  0 -1  0  0  0  0  0  0 -1  0  0  0  0  0 
G 0  0  0  0 -1  0  0  0  0  0  0  0  0 -1  0  0  0  0  0  0 -1  0  0  0  0  0 
H 0  0  0  0 -1  0  0  0  0  0  0  0  0 -1  0  0  0  0  0  0 -1  0  0  0  0  0 
I 0  0  0  0 -1  0  0  0  0  0  0  0  0 -1  0  0  0  0  0  0 -1  0  0  0  0  0 
J 0  0  0  0 -1  0  0  0  0  0  0  0  0 -1  0  0  0  0  0  0  0  0  0  0  0  0 
K 0  0  0  0 -1  0  0  0  0  0  0  0  0 -1  0  0  0  0  0  0 -1  0  0  0  0  0 
L 0  0  0  0  0  0  0  0  0  0  0  0  0 -1  0  0  0  0  0  0 -1  0  0  0  0  0 
M 0  0  0  0 -1  0  0  0  0  0  0  0  0 -1  0  0  0  0  0  0 -1  0  0  0  0  0 
N 1  1  1  1  1  1  1 -1  1 -1  1  1  1  1  1  1  1  1 -1  1  1  0  1  1  1  1 
O 0  0  0  0 -1  0  0  0  0  0  0  0  0 -1  0  0  0  0  0  0 -1  0  0  0  0  0 
P 0  0  0  0 -1  0  0  0  0  0  0  0  0 -1  0  0  0  0  0  0 -1  0  0  0  0  0 
Q 0  0  0  0 -1  0  0  0  0  0  0  0  0 -1  0  0  0  0  0  0 -1  0  0  0  0  0 
R 0  0  0  0 -1  0  0  0  0  0  0  0  0 -1  0  0  0  0  0  0 -1  0  0  0  0  0 
S 0  0  0  0 -1  0  0  0  0  0  0  0  0 -1  0  0  0  0  0  0 -1  0  0  0  0  0 
T 0  0  0  0 -1  0  0  0  0  0  0  0  0 -1  0  0  0  0  0  0 -1  0  0  0  0  0 
U 1  1  1  1  1  1  1  1  1  0  1 -1  1  1  1  1  1  1  1  1  1 -1 -1  1  1  1 
V 0  0  0  0 -1  0  0  0  0  0  0  0  0  0  0  0  0  0  0  0 -1  0  0  0  0  0 
W 0  0  0  0 -1  0  0  0  0  0  0  0  0 -1  0  0  0  0  0  0 -1  0  0  0  0  0 
X 0  0  0  0 -1  0  0  0  0  0  0  0  0 -1  0  0  0  0  0  0 -1  0  0  0  0  0 
Y 0  0  0  0 -1  0  0  0  0  0  0  0  0 -1  0  0  0  0  0  0 -1  0  0  0  0  0 
Z 0  0  0  0 -1  0  0  0  0  0  0  0  0 -1  0  0  0  0  0  0 -1  0  0  0  0  0 


CHECKING LETTER: U

  A  B  C  D  E  F  G  H  I  J  K  L  M  N  O  P  Q  R  S  T  U  V  W  X  Y  Z
A 0  0  0  0 -1  0  0  0  0  0  0  0  0 -1  0  0  0  0  0  0 -1  0  0  0  0  0 
B 0  0  0  0 -1  0  0  0  0  0  0  0  0 -1  0  0  0  0  0  0 -1  0  0  0  0  0 
C 0  0  0  0 -1  0  0  0  0  0  0  0  0 -1  0  0  0  0  0  0 -1  0  0  0  0  0 
D 0  0  0  0 -1  0  0  0  0  0  0  0  0 -1  0  0  0  0  0  0 -1  0  0  0  0  0 
? 1  1  1  1  1  1  1  1  1  1  1  0  1  1  1  1  1  1  1  1  1  1  1  1  1  1 
F 0  0  0  0 -1  0  0  0  0  0  0  0  0 -1  0  0  0  0  0  0 -1  0  0  0  0  0 
G 0  0  0  0 -1  0  0  0  0  0  0  0  0 -1  0  0  0  0  0  0 -1  0  0  0  0  0 
H 0  0  0  0 -1  0  0  0  0  0  0  0  0 -1  0  0  0  0  0  0 -1  0  0  0  0  0 
I 0  0  0  0 -1  0  0  0  0  0  0  0  0 -1  0  0  0  0  0  0 -1  0  0  0  0  0 
J 0  0  0  0 -1  0  0  0  0  0  0  0  0 -1  0  0  0  0  0  0  0  0  0  0  0  0 
K 0  0  0  0 -1  0  0  0  0  0  0  0  0 -1  0  0  0  0  0  0 -1  0  0  0  0  0 
L 0  0  0  0  0  0  0  0  0  0  0  0  0 -1  0  0  0  0  0  0 -1  0  0  0  0  0 
M 0  0  0  0 -1  0  0  0  0  0  0  0  0 -1  0  0  0  0  0  0 -1  0  0  0  0  0 
N 1  1  1  1  1  1  1  1  1  1  1  1  1  1  1  1  1  1  1  1  1  0  1  1  1  1 
O 0  0  0  0 -1  0  0  0  0  0  0  0  0 -1  0  0  0  0  0  0 -1  0  0  0  0  0 
P 0  0  0  0 -1  0  0  0  0  0  0  0  0 -1  0  0  0  0  0  0 -1  0  0  0  0  0 
Q 0  0  0  0 -1  0  0  0  0  0  0  0  0 -1  0  0  0  0  0  0 -1  0  0  0  0  0 
R 0  0  0  0 -1  0  0  0  0  0  0  0  0 -1  0  0  0  0  0  0 -1  0  0  0  0  0 
S 0  0  0  0 -1  0  0  0  0  0  0  0  0 -1  0  0  0  0  0  0 -1  0  0  0  0  0 
T 0  0  0  0 -1  0  0  0  0  0  0  0  0 -1  0  0  0  0  0  0 -1  0  0  0  0  0 
U 1  1  1  1  1  1  1  1  1  0  1 -1  1  1  1  1  1  1  1  1  1 -1 -1  1  1  1 
V 0  0  0  0 -1  0  0  0  0  0  0  0  0  0  0  0  0  0  0  0 -1  0  0  0  0  0 
W 0  0  0  0 -1  0  0  0  0  0  0  0  0 -1  0  0  0  0  0  0 -1  0  0  0  0  0 
X 0  0  0  0 -1  0  0  0  0  0  0  0  0 -1  0  0  0  0  0  0 -1  0  0  0  0  0 
Y 0  0  0  0 -1  0  0  0  0  0  0  0  0 -1  0  0  0  0  0  0 -1  0  0  0  0  0 
Z 0  0  0  0 -1  0  0  0  0  0  0  0  0 -1  0  0  0  0  0  0 -1  0  0  0  0  0 


CHECKING LETTER: E

  A  B  C  D  E  F  G  H  I  J  K  L  M  N  O  P  Q  R  S  T  U  V  W  X  Y  Z
A 0  0  0  0 -1  0  0  0  0  0  0  0  0 -1  0  0  0  0  0  0 -1  0  0  0  0  0 
B 0  0  0  0 -1  0  0  0  0  0  0  0  0 -1  0  0  0  0  0  0 -1  0  0  0  0  0 
C 0  0  0  0 -1  0  0  0  0  0  0  0  0 -1  0  0  0  0  0  0 -1  0  0  0  0  0 
D 0  0  0  0 -1  0  0  0  0  0  0  0  0 -1  0  0  0  0  0  0 -1  0  0  0  0  0 
? 1  1  1  1  1  1  1  1  1  1  1  0  1  1  1  1  1  1  1  1  1  1  1  1  1  1 
F 0  0  0  0 -1  0  0  0  0  0  0  0  0 -1  0  0  0  0  0  0 -1  0  0  0  0  0 
G 0  0  0  0 -1  0  0  0  0  0  0  0  0 -1  0  0  0  0  0  0 -1  0  0  0  0  0 
H 0  0  0  0 -1  0  0  0  0  0  0  0  0 -1  0  0  0  0  0  0 -1  0  0  0  0  0 
I 0  0  0  0 -1  0  0  0  0  0  0  0  0 -1  0  0  0  0  0  0 -1  0  0  0  0  0 
J 0  0  0  0 -1  0  0  0  0  0  0  0  0 -1  0  0  0  0  0  0  0  0  0  0  0  0 
K 0  0  0  0 -1  0  0  0  0  0  0  0  0 -1  0  0  0  0  0  0 -1  0  0  0  0  0 
L 0  0  0  0  0  0  0  0  0  0  0  0  0 -1  0  0  0  0  0  0 -1  0  0  0  0  0 
M 0  0  0  0 -1  0  0  0  0  0  0  0  0 -1  0  0  0  0  0  0 -1  0  0  0  0  0 
N 1  1  1  1  1  1  1  1  1  1  1  1  1  1  1  1  1  1  1  1  1  0  1  1  1  1 
O 0  0  0  0 -1  0  0  0  0  0  0  0  0 -1  0  0  0  0  0  0 -1  0  0  0  0  0 
P 0  0  0  0 -1  0  0  0  0  0  0  0  0 -1  0  0  0  0  0  0 -1  0  0  0  0  0 
Q 0  0  0  0 -1  0  0  0  0  0  0  0  0 -1  0  0  0  0  0  0 -1  0  0  0  0  0 
R 0  0  0  0 -1  0  0  0  0  0  0  0  0 -1  0  0  0  0  0  0 -1  0  0  0  0  0 
S 0  0  0  0 -1  0  0  0  0  0  0  0  0 -1  0  0  0  0  0  0 -1  0  0  0  0  0 
T 0  0  0  0 -1  0  0  0  0  0  0  0  0 -1  0  0  0  0  0  0 -1  0  0  0  0  0 
U 1  1  1  1  1  1  1  1  1  0  1  1  1  1  1  1  1  1  1  1  1  1  1  1  1  1 
V 0  0  0  0 -1  0  0  0  0  0  0  0  0  0  0  0  0  0  0  0 -1  0  0  0  0  0 
W 0  0  0  0 -1  0  0  0  0  0  0  0  0 -1  0  0  0  0  0  0 -1  0  0  0  0  0 
X 0  0  0  0 -1  0  0  0  0  0  0  0  0 -1  0  0  0  0  0  0 -1  0  0  0  0  0 
Y 0  0  0  0 -1  0  0  0  0  0  0  0  0 -1  0  0  0  0  0  0 -1  0  0  0  0  0 
Z 0  0  0  0 -1  0  0  0  0  0  0  0  0 -1  0  0  0  0  0  0 -1  0  0  0  0  0 

STOP

INDICATOR: CVQ
TEST REGISTER: 
 A  B  C  D  E  F  G  H  I  J  K  L  M  N  O  P  Q  R  S  T  U  V  W  X  Y  Z  
 1  1  1  1  1  1  1  1  1  1  1  0  1  1  1  1  1  1  1  1  1  1  1  1  1  1 

BREAK IN  5430
OK
